timestamp_unix,timestamp_iso,participant_full_id,accelerometers_std_g,missing_value_reason
1709337600000,2024-03-02T00:00:00Z,899-1-1-20,,device_not_recording
1709337660000,2024-03-02T00:01:00Z,899-1-1-20,,device_not_recording
1709337720000,2024-03-02T00:02:00Z,899-1-1-20,,device_not_recording
1709337780000,2024-03-02T00:03:00Z,899-1-1-20,,device_not_recording
1709337840000,2024-03-02T00:04:00Z,899-1-1-20,,device_not_recording
1709337900000,2024-03-02T00:05:00Z,899-1-1-20,,device_not_recording
1709337960000,2024-03-02T00:06:00Z,899-1-1-20,,device_not_recording
1709338020000,2024-03-02T00:07:00Z,899-1-1-20,,device_not_recording
1709338080000,2024-03-02T00:08:00Z,899-1-1-20,,device_not_recording
1709338140000,2024-03-02T00:09:00Z,899-1-1-20,,device_not_recording
1709338200000,2024-03-02T00:10:00Z,899-1-1-20,,device_not_recording
1709338260000,2024-03-02T00:11:00Z,899-1-1-20,,device_not_recording
1709338320000,2024-03-02T00:12:00Z,899-1-1-20,,device_not_recording
1709338380000,2024-03-02T00:13:00Z,899-1-1-20,,device_not_recording
1709338440000,2024-03-02T00:14:00Z,899-1-1-20,,device_not_recording
1709338500000,2024-03-02T00:15:00Z,899-1-1-20,,device_not_recording
1709338560000,2024-03-02T00:16:00Z,899-1-1-20,,device_not_recording
1709338620000,2024-03-02T00:17:00Z,899-1-1-20,,device_not_recording
1709338680000,2024-03-02T00:18:00Z,899-1-1-20,,device_not_recording
1709338740000,2024-03-02T00:19:00Z,899-1-1-20,,device_not_recording
1709338800000,2024-03-02T00:20:00Z,899-1-1-20,,device_not_recording
1709338860000,2024-03-02T00:21:00Z,899-1-1-20,,device_not_recording
1709338920000,2024-03-02T00:22:00Z,899-1-1-20,,device_not_recording
1709338980000,2024-03-02T00:23:00Z,899-1-1-20,,device_not_recording
1709339040000,2024-03-02T00:24:00Z,899-1-1-20,,device_not_recording
1709339100000,2024-03-02T00:25:00Z,899-1-1-20,,device_not_recording
1709339160000,2024-03-02T00:26:00Z,899-1-1-20,,device_not_recording
1709339220000,2024-03-02T00:27:00Z,899-1-1-20,,device_not_recording
1709339280000,2024-03-02T00:28:00Z,899-1-1-20,,device_not_recording
1709339340000,2024-03-02T00:29:00Z,899-1-1-20,,device_not_recording
1709339400000,2024-03-02T00:30:00Z,899-1-1-20,,device_not_recording
1709339460000,2024-03-02T00:31:00Z,899-1-1-20,,device_not_recording
1709339520000,2024-03-02T00:32:00Z,899-1-1-20,,device_not_recording
1709339580000,2024-03-02T00:33:00Z,899-1-1-20,,device_not_recording
1709339640000,2024-03-02T00:34:00Z,899-1-1-20,,device_not_recording
1709339700000,2024-03-02T00:35:00Z,899-1-1-20,,device_not_recording
1709339760000,2024-03-02T00:36:00Z,899-1-1-20,,device_not_recording
1709339820000,2024-03-02T00:37:00Z,899-1-1-20,,device_not_recording
1709339880000,2024-03-02T00:38:00Z,899-1-1-20,,device_not_recording
1709339940000,2024-03-02T00:39:00Z,899-1-1-20,,device_not_recording
1709340000000,2024-03-02T00:40:00Z,899-1-1-20,,device_not_recording
1709340060000,2024-03-02T00:41:00Z,899-1-1-20,,device_not_recording
1709340120000,2024-03-02T00:42:00Z,899-1-1-20,,device_not_recording
1709340180000,2024-03-02T00:43:00Z,899-1-1-20,,device_not_recording
1709340240000,2024-03-02T00:44:00Z,899-1-1-20,,device_not_recording
1709340300000,2024-03-02T00:45:00Z,899-1-1-20,,device_not_recording
1709340360000,2024-03-02T00:46:00Z,899-1-1-20,,device_not_recording
1709340420000,2024-03-02T00:47:00Z,899-1-1-20,,device_not_recording
1709340480000,2024-03-02T00:48:00Z,899-1-1-20,,device_not_recording
1709340540000,2024-03-02T00:49:00Z,899-1-1-20,,device_not_recording
1709340600000,2024-03-02T00:50:00Z,899-1-1-20,,device_not_recording
1709340660000,2024-03-02T00:51:00Z,899-1-1-20,,device_not_recording
1709340720000,2024-03-02T00:52:00Z,899-1-1-20,,device_not_recording
1709340780000,2024-03-02T00:53:00Z,899-1-1-20,,device_not_recording
1709340840000,2024-03-02T00:54:00Z,899-1-1-20,,device_not_recording
1709340900000,2024-03-02T00:55:00Z,899-1-1-20,,device_not_recording
1709340960000,2024-03-02T00:56:00Z,899-1-1-20,,device_not_recording
1709341020000,2024-03-02T00:57:00Z,899-1-1-20,,device_not_recording
1709341080000,2024-03-02T00:58:00Z,899-1-1-20,,device_not_recording
1709341140000,2024-03-02T00:59:00Z,899-1-1-20,,device_not_recording
1709341200000,2024-03-02T01:00:00Z,899-1-1-20,,device_not_recording
1709341260000,2024-03-02T01:01:00Z,899-1-1-20,,device_not_recording
1709341320000,2024-03-02T01:02:00Z,899-1-1-20,,device_not_recording
1709341380000,2024-03-02T01:03:00Z,899-1-1-20,,device_not_recording
1709341440000,2024-03-02T01:04:00Z,899-1-1-20,,device_not_recording
1709341500000,2024-03-02T01:05:00Z,899-1-1-20,,device_not_recording
1709341560000,2024-03-02T01:06:00Z,899-1-1-20,,device_not_recording
1709341620000,2024-03-02T01:07:00Z,899-1-1-20,,device_not_recording
1709341680000,2024-03-02T01:08:00Z,899-1-1-20,,device_not_recording
1709341740000,2024-03-02T01:09:00Z,899-1-1-20,,device_not_recording
1709341800000,2024-03-02T01:10:00Z,899-1-1-20,,device_not_recording
1709341860000,2024-03-02T01:11:00Z,899-1-1-20,,device_not_recording
1709341920000,2024-03-02T01:12:00Z,899-1-1-20,,device_not_recording
1709341980000,2024-03-02T01:13:00Z,899-1-1-20,,device_not_recording
1709342040000,2024-03-02T01:14:00Z,899-1-1-20,,device_not_recording
1709342100000,2024-03-02T01:15:00Z,899-1-1-20,,device_not_recording
1709342160000,2024-03-02T01:16:00Z,899-1-1-20,,device_not_recording
1709342220000,2024-03-02T01:17:00Z,899-1-1-20,,device_not_recording
1709342280000,2024-03-02T01:18:00Z,899-1-1-20,,device_not_recording
1709342340000,2024-03-02T01:19:00Z,899-1-1-20,,device_not_recording
1709342400000,2024-03-02T01:20:00Z,899-1-1-20,,device_not_recording
1709342460000,2024-03-02T01:21:00Z,899-1-1-20,,device_not_recording
1709342520000,2024-03-02T01:22:00Z,899-1-1-20,,device_not_recording
1709342580000,2024-03-02T01:23:00Z,899-1-1-20,,device_not_recording
1709342640000,2024-03-02T01:24:00Z,899-1-1-20,,device_not_recording
1709342700000,2024-03-02T01:25:00Z,899-1-1-20,,device_not_recording
1709342760000,2024-03-02T01:26:00Z,899-1-1-20,,device_not_recording
1709342820000,2024-03-02T01:27:00Z,899-1-1-20,,device_not_recording
1709342880000,2024-03-02T01:28:00Z,899-1-1-20,,device_not_recording
1709342940000,2024-03-02T01:29:00Z,899-1-1-20,,device_not_recording
1709343000000,2024-03-02T01:30:00Z,899-1-1-20,,device_not_recording
1709343060000,2024-03-02T01:31:00Z,899-1-1-20,,device_not_recording
1709343120000,2024-03-02T01:32:00Z,899-1-1-20,,device_not_recording
1709343180000,2024-03-02T01:33:00Z,899-1-1-20,,device_not_recording
1709343240000,2024-03-02T01:34:00Z,899-1-1-20,,device_not_recording
1709343300000,2024-03-02T01:35:00Z,899-1-1-20,,device_not_recording
1709343360000,2024-03-02T01:36:00Z,899-1-1-20,,device_not_recording
1709343420000,2024-03-02T01:37:00Z,899-1-1-20,,device_not_recording
1709343480000,2024-03-02T01:38:00Z,899-1-1-20,,device_not_recording
1709343540000,2024-03-02T01:39:00Z,899-1-1-20,,device_not_recording
1709343600000,2024-03-02T01:40:00Z,899-1-1-20,,device_not_recording
1709343660000,2024-03-02T01:41:00Z,899-1-1-20,,device_not_recording
1709343720000,2024-03-02T01:42:00Z,899-1-1-20,,device_not_recording
1709343780000,2024-03-02T01:43:00Z,899-1-1-20,,device_not_recording
1709343840000,2024-03-02T01:44:00Z,899-1-1-20,,device_not_recording
1709343900000,2024-03-02T01:45:00Z,899-1-1-20,,device_not_recording
1709343960000,2024-03-02T01:46:00Z,899-1-1-20,,device_not_recording
1709344020000,2024-03-02T01:47:00Z,899-1-1-20,,device_not_recording
1709344080000,2024-03-02T01:48:00Z,899-1-1-20,,device_not_recording
1709344140000,2024-03-02T01:49:00Z,899-1-1-20,,device_not_recording
1709344200000,2024-03-02T01:50:00Z,899-1-1-20,,device_not_recording
1709344260000,2024-03-02T01:51:00Z,899-1-1-20,,device_not_recording
1709344320000,2024-03-02T01:52:00Z,899-1-1-20,,device_not_recording
1709344380000,2024-03-02T01:53:00Z,899-1-1-20,,device_not_recording
1709344440000,2024-03-02T01:54:00Z,899-1-1-20,,device_not_recording
1709344500000,2024-03-02T01:55:00Z,899-1-1-20,,device_not_recording
1709344560000,2024-03-02T01:56:00Z,899-1-1-20,,device_not_recording
1709344620000,2024-03-02T01:57:00Z,899-1-1-20,,device_not_recording
1709344680000,2024-03-02T01:58:00Z,899-1-1-20,,device_not_recording
1709344740000,2024-03-02T01:59:00Z,899-1-1-20,,device_not_recording
1709344800000,2024-03-02T02:00:00Z,899-1-1-20,,device_not_recording
1709344860000,2024-03-02T02:01:00Z,899-1-1-20,,device_not_recording
1709344920000,2024-03-02T02:02:00Z,899-1-1-20,,device_not_recording
1709344980000,2024-03-02T02:03:00Z,899-1-1-20,,device_not_recording
1709345040000,2024-03-02T02:04:00Z,899-1-1-20,,device_not_recording
1709345100000,2024-03-02T02:05:00Z,899-1-1-20,,device_not_recording
1709345160000,2024-03-02T02:06:00Z,899-1-1-20,,device_not_recording
1709345220000,2024-03-02T02:07:00Z,899-1-1-20,,device_not_recording
1709345280000,2024-03-02T02:08:00Z,899-1-1-20,,device_not_recording
1709345340000,2024-03-02T02:09:00Z,899-1-1-20,,device_not_recording
1709345400000,2024-03-02T02:10:00Z,899-1-1-20,,device_not_recording
1709345460000,2024-03-02T02:11:00Z,899-1-1-20,,device_not_recording
1709345520000,2024-03-02T02:12:00Z,899-1-1-20,,device_not_recording
1709345580000,2024-03-02T02:13:00Z,899-1-1-20,,device_not_recording
1709345640000,2024-03-02T02:14:00Z,899-1-1-20,,device_not_recording
1709345700000,2024-03-02T02:15:00Z,899-1-1-20,,device_not_recording
1709345760000,2024-03-02T02:16:00Z,899-1-1-20,,device_not_recording
1709345820000,2024-03-02T02:17:00Z,899-1-1-20,,device_not_recording
1709345880000,2024-03-02T02:18:00Z,899-1-1-20,,device_not_recording
1709345940000,2024-03-02T02:19:00Z,899-1-1-20,,device_not_recording
1709346000000,2024-03-02T02:20:00Z,899-1-1-20,,device_not_recording
1709346060000,2024-03-02T02:21:00Z,899-1-1-20,,device_not_recording
1709346120000,2024-03-02T02:22:00Z,899-1-1-20,,device_not_recording
1709346180000,2024-03-02T02:23:00Z,899-1-1-20,,device_not_recording
1709346240000,2024-03-02T02:24:00Z,899-1-1-20,,device_not_recording
1709346300000,2024-03-02T02:25:00Z,899-1-1-20,,device_not_recording
1709346360000,2024-03-02T02:26:00Z,899-1-1-20,,device_not_recording
1709346420000,2024-03-02T02:27:00Z,899-1-1-20,,device_not_recording
1709346480000,2024-03-02T02:28:00Z,899-1-1-20,,device_not_recording
1709346540000,2024-03-02T02:29:00Z,899-1-1-20,,device_not_recording
1709346600000,2024-03-02T02:30:00Z,899-1-1-20,,device_not_recording
1709346660000,2024-03-02T02:31:00Z,899-1-1-20,,device_not_recording
1709346720000,2024-03-02T02:32:00Z,899-1-1-20,,device_not_recording
1709346780000,2024-03-02T02:33:00Z,899-1-1-20,,device_not_recording
1709346840000,2024-03-02T02:34:00Z,899-1-1-20,,device_not_recording
1709346900000,2024-03-02T02:35:00Z,899-1-1-20,,device_not_recording
1709346960000,2024-03-02T02:36:00Z,899-1-1-20,,device_not_recording
1709347020000,2024-03-02T02:37:00Z,899-1-1-20,,device_not_recording
1709347080000,2024-03-02T02:38:00Z,899-1-1-20,,device_not_recording
1709347140000,2024-03-02T02:39:00Z,899-1-1-20,,device_not_recording
1709347200000,2024-03-02T02:40:00Z,899-1-1-20,,device_not_recording
1709347260000,2024-03-02T02:41:00Z,899-1-1-20,,device_not_recording
1709347320000,2024-03-02T02:42:00Z,899-1-1-20,,device_not_recording
1709347380000,2024-03-02T02:43:00Z,899-1-1-20,,device_not_recording
1709347440000,2024-03-02T02:44:00Z,899-1-1-20,,device_not_recording
1709347500000,2024-03-02T02:45:00Z,899-1-1-20,,device_not_recording
1709347560000,2024-03-02T02:46:00Z,899-1-1-20,,device_not_recording
1709347620000,2024-03-02T02:47:00Z,899-1-1-20,,device_not_recording
1709347680000,2024-03-02T02:48:00Z,899-1-1-20,,device_not_recording
1709347740000,2024-03-02T02:49:00Z,899-1-1-20,,device_not_recording
1709347800000,2024-03-02T02:50:00Z,899-1-1-20,,device_not_recording
1709347860000,2024-03-02T02:51:00Z,899-1-1-20,,device_not_recording
1709347920000,2024-03-02T02:52:00Z,899-1-1-20,,device_not_recording
1709347980000,2024-03-02T02:53:00Z,899-1-1-20,,device_not_recording
1709348040000,2024-03-02T02:54:00Z,899-1-1-20,,device_not_recording
1709348100000,2024-03-02T02:55:00Z,899-1-1-20,,device_not_recording
1709348160000,2024-03-02T02:56:00Z,899-1-1-20,,device_not_recording
1709348220000,2024-03-02T02:57:00Z,899-1-1-20,,device_not_recording
1709348280000,2024-03-02T02:58:00Z,899-1-1-20,,device_not_recording
1709348340000,2024-03-02T02:59:00Z,899-1-1-20,,device_not_recording
1709348400000,2024-03-02T03:00:00Z,899-1-1-20,,device_not_recording
1709348460000,2024-03-02T03:01:00Z,899-1-1-20,,device_not_recording
1709348520000,2024-03-02T03:02:00Z,899-1-1-20,,device_not_recording
1709348580000,2024-03-02T03:03:00Z,899-1-1-20,,device_not_recording
1709348640000,2024-03-02T03:04:00Z,899-1-1-20,,device_not_recording
1709348700000,2024-03-02T03:05:00Z,899-1-1-20,,device_not_recording
1709348760000,2024-03-02T03:06:00Z,899-1-1-20,,device_not_recording
1709348820000,2024-03-02T03:07:00Z,899-1-1-20,,device_not_recording
1709348880000,2024-03-02T03:08:00Z,899-1-1-20,,device_not_recording
1709348940000,2024-03-02T03:09:00Z,899-1-1-20,,device_not_recording
1709349000000,2024-03-02T03:10:00Z,899-1-1-20,,device_not_recording
1709349060000,2024-03-02T03:11:00Z,899-1-1-20,,device_not_recording
1709349120000,2024-03-02T03:12:00Z,899-1-1-20,,device_not_recording
1709349180000,2024-03-02T03:13:00Z,899-1-1-20,,device_not_recording
1709349240000,2024-03-02T03:14:00Z,899-1-1-20,,device_not_recording
1709349300000,2024-03-02T03:15:00Z,899-1-1-20,,device_not_recording
1709349360000,2024-03-02T03:16:00Z,899-1-1-20,,device_not_recording
1709349420000,2024-03-02T03:17:00Z,899-1-1-20,,device_not_recording
1709349480000,2024-03-02T03:18:00Z,899-1-1-20,,device_not_recording
1709349540000,2024-03-02T03:19:00Z,899-1-1-20,,device_not_recording
1709349600000,2024-03-02T03:20:00Z,899-1-1-20,,device_not_recording
1709349660000,2024-03-02T03:21:00Z,899-1-1-20,,device_not_recording
1709349720000,2024-03-02T03:22:00Z,899-1-1-20,,device_not_recording
1709349780000,2024-03-02T03:23:00Z,899-1-1-20,,device_not_recording
1709349840000,2024-03-02T03:24:00Z,899-1-1-20,,device_not_recording
1709349900000,2024-03-02T03:25:00Z,899-1-1-20,,device_not_recording
1709349960000,2024-03-02T03:26:00Z,899-1-1-20,,device_not_recording
1709350020000,2024-03-02T03:27:00Z,899-1-1-20,,device_not_recording
1709350080000,2024-03-02T03:28:00Z,899-1-1-20,,device_not_recording
1709350140000,2024-03-02T03:29:00Z,899-1-1-20,,device_not_recording
1709350200000,2024-03-02T03:30:00Z,899-1-1-20,,device_not_recording
1709350260000,2024-03-02T03:31:00Z,899-1-1-20,,device_not_recording
1709350320000,2024-03-02T03:32:00Z,899-1-1-20,,device_not_recording
1709350380000,2024-03-02T03:33:00Z,899-1-1-20,,device_not_recording
1709350440000,2024-03-02T03:34:00Z,899-1-1-20,,device_not_recording
1709350500000,2024-03-02T03:35:00Z,899-1-1-20,,device_not_recording
1709350560000,2024-03-02T03:36:00Z,899-1-1-20,,device_not_recording
1709350620000,2024-03-02T03:37:00Z,899-1-1-20,,device_not_recording
1709350680000,2024-03-02T03:38:00Z,899-1-1-20,,device_not_recording
1709350740000,2024-03-02T03:39:00Z,899-1-1-20,,device_not_recording
1709350800000,2024-03-02T03:40:00Z,899-1-1-20,,device_not_recording
1709350860000,2024-03-02T03:41:00Z,899-1-1-20,,device_not_recording
1709350920000,2024-03-02T03:42:00Z,899-1-1-20,,device_not_recording
1709350980000,2024-03-02T03:43:00Z,899-1-1-20,,device_not_recording
1709351040000,2024-03-02T03:44:00Z,899-1-1-20,,device_not_recording
1709351100000,2024-03-02T03:45:00Z,899-1-1-20,,device_not_recording
1709351160000,2024-03-02T03:46:00Z,899-1-1-20,,device_not_recording
1709351220000,2024-03-02T03:47:00Z,899-1-1-20,,device_not_recording
1709351280000,2024-03-02T03:48:00Z,899-1-1-20,,device_not_recording
1709351340000,2024-03-02T03:49:00Z,899-1-1-20,,device_not_recording
1709351400000,2024-03-02T03:50:00Z,899-1-1-20,,device_not_recording
1709351460000,2024-03-02T03:51:00Z,899-1-1-20,,device_not_recording
1709351520000,2024-03-02T03:52:00Z,899-1-1-20,,device_not_recording
1709351580000,2024-03-02T03:53:00Z,899-1-1-20,,device_not_recording
1709351640000,2024-03-02T03:54:00Z,899-1-1-20,,device_not_recording
1709351700000,2024-03-02T03:55:00Z,899-1-1-20,,device_not_recording
1709351760000,2024-03-02T03:56:00Z,899-1-1-20,,device_not_recording
1709351820000,2024-03-02T03:57:00Z,899-1-1-20,,device_not_recording
1709351880000,2024-03-02T03:58:00Z,899-1-1-20,,device_not_recording
1709351940000,2024-03-02T03:59:00Z,899-1-1-20,,device_not_recording
1709352000000,2024-03-02T04:00:00Z,899-1-1-20,,device_not_recording
1709352060000,2024-03-02T04:01:00Z,899-1-1-20,,device_not_recording
1709352120000,2024-03-02T04:02:00Z,899-1-1-20,,device_not_recording
1709352180000,2024-03-02T04:03:00Z,899-1-1-20,,device_not_recording
1709352240000,2024-03-02T04:04:00Z,899-1-1-20,,device_not_recording
1709352300000,2024-03-02T04:05:00Z,899-1-1-20,,device_not_recording
1709352360000,2024-03-02T04:06:00Z,899-1-1-20,,device_not_recording
1709352420000,2024-03-02T04:07:00Z,899-1-1-20,,device_not_recording
1709352480000,2024-03-02T04:08:00Z,899-1-1-20,,device_not_recording
1709352540000,2024-03-02T04:09:00Z,899-1-1-20,,device_not_recording
1709352600000,2024-03-02T04:10:00Z,899-1-1-20,,device_not_recording
1709352660000,2024-03-02T04:11:00Z,899-1-1-20,,device_not_recording
1709352720000,2024-03-02T04:12:00Z,899-1-1-20,,device_not_recording
1709352780000,2024-03-02T04:13:00Z,899-1-1-20,,device_not_recording
1709352840000,2024-03-02T04:14:00Z,899-1-1-20,,device_not_recording
1709352900000,2024-03-02T04:15:00Z,899-1-1-20,,device_not_recording
1709352960000,2024-03-02T04:16:00Z,899-1-1-20,,device_not_recording
1709353020000,2024-03-02T04:17:00Z,899-1-1-20,,device_not_recording
1709353080000,2024-03-02T04:18:00Z,899-1-1-20,,device_not_recording
1709353140000,2024-03-02T04:19:00Z,899-1-1-20,,device_not_recording
1709353200000,2024-03-02T04:20:00Z,899-1-1-20,,device_not_recording
1709353260000,2024-03-02T04:21:00Z,899-1-1-20,,device_not_recording
1709353320000,2024-03-02T04:22:00Z,899-1-1-20,,device_not_recording
1709353380000,2024-03-02T04:23:00Z,899-1-1-20,,device_not_recording
1709353440000,2024-03-02T04:24:00Z,899-1-1-20,,device_not_recording
1709353500000,2024-03-02T04:25:00Z,899-1-1-20,,device_not_recording
1709353560000,2024-03-02T04:26:00Z,899-1-1-20,,device_not_recording
1709353620000,2024-03-02T04:27:00Z,899-1-1-20,,device_not_recording
1709353680000,2024-03-02T04:28:00Z,899-1-1-20,,device_not_recording
1709353740000,2024-03-02T04:29:00Z,899-1-1-20,,device_not_recording
1709353800000,2024-03-02T04:30:00Z,899-1-1-20,,device_not_recording
1709353860000,2024-03-02T04:31:00Z,899-1-1-20,,device_not_recording
1709353920000,2024-03-02T04:32:00Z,899-1-1-20,,device_not_recording
1709353980000,2024-03-02T04:33:00Z,899-1-1-20,,device_not_recording
1709354040000,2024-03-02T04:34:00Z,899-1-1-20,,device_not_recording
1709354100000,2024-03-02T04:35:00Z,899-1-1-20,,device_not_recording
1709354160000,2024-03-02T04:36:00Z,899-1-1-20,,device_not_recording
1709354220000,2024-03-02T04:37:00Z,899-1-1-20,,device_not_recording
1709354280000,2024-03-02T04:38:00Z,899-1-1-20,,device_not_recording
1709354340000,2024-03-02T04:39:00Z,899-1-1-20,,device_not_recording
1709354400000,2024-03-02T04:40:00Z,899-1-1-20,,device_not_recording
1709354460000,2024-03-02T04:41:00Z,899-1-1-20,,device_not_recording
1709354520000,2024-03-02T04:42:00Z,899-1-1-20,,device_not_recording
1709354580000,2024-03-02T04:43:00Z,899-1-1-20,,device_not_recording
1709354640000,2024-03-02T04:44:00Z,899-1-1-20,,device_not_recording
1709354700000,2024-03-02T04:45:00Z,899-1-1-20,,device_not_recording
1709354760000,2024-03-02T04:46:00Z,899-1-1-20,,device_not_recording
1709354820000,2024-03-02T04:47:00Z,899-1-1-20,,device_not_recording
1709354880000,2024-03-02T04:48:00Z,899-1-1-20,,device_not_recording
1709354940000,2024-03-02T04:49:00Z,899-1-1-20,,device_not_recording
1709355000000,2024-03-02T04:50:00Z,899-1-1-20,,device_not_recording
1709355060000,2024-03-02T04:51:00Z,899-1-1-20,,device_not_recording
1709355120000,2024-03-02T04:52:00Z,899-1-1-20,,device_not_recording
1709355180000,2024-03-02T04:53:00Z,899-1-1-20,,device_not_recording
1709355240000,2024-03-02T04:54:00Z,899-1-1-20,,device_not_recording
1709355300000,2024-03-02T04:55:00Z,899-1-1-20,,device_not_recording
1709355360000,2024-03-02T04:56:00Z,899-1-1-20,,device_not_recording
1709355420000,2024-03-02T04:57:00Z,899-1-1-20,,device_not_recording
1709355480000,2024-03-02T04:58:00Z,899-1-1-20,,device_not_recording
1709355540000,2024-03-02T04:59:00Z,899-1-1-20,,device_not_recording
1709355600000,2024-03-02T05:00:00Z,899-1-1-20,,device_not_recording
1709355660000,2024-03-02T05:01:00Z,899-1-1-20,,device_not_recording
1709355720000,2024-03-02T05:02:00Z,899-1-1-20,,device_not_recording
1709355780000,2024-03-02T05:03:00Z,899-1-1-20,,device_not_recording
1709355840000,2024-03-02T05:04:00Z,899-1-1-20,,device_not_recording
1709355900000,2024-03-02T05:05:00Z,899-1-1-20,,device_not_recording
1709355960000,2024-03-02T05:06:00Z,899-1-1-20,,device_not_recording
1709356020000,2024-03-02T05:07:00Z,899-1-1-20,,device_not_recording
1709356080000,2024-03-02T05:08:00Z,899-1-1-20,,device_not_recording
1709356140000,2024-03-02T05:09:00Z,899-1-1-20,,device_not_recording
1709356200000,2024-03-02T05:10:00Z,899-1-1-20,,device_not_recording
1709356260000,2024-03-02T05:11:00Z,899-1-1-20,,device_not_recording
1709356320000,2024-03-02T05:12:00Z,899-1-1-20,,device_not_recording
1709356380000,2024-03-02T05:13:00Z,899-1-1-20,,device_not_recording
1709356440000,2024-03-02T05:14:00Z,899-1-1-20,,device_not_recording
1709356500000,2024-03-02T05:15:00Z,899-1-1-20,,device_not_recording
1709356560000,2024-03-02T05:16:00Z,899-1-1-20,,device_not_recording
1709356620000,2024-03-02T05:17:00Z,899-1-1-20,,device_not_recording
1709356680000,2024-03-02T05:18:00Z,899-1-1-20,,device_not_recording
1709356740000,2024-03-02T05:19:00Z,899-1-1-20,,device_not_recording
1709356800000,2024-03-02T05:20:00Z,899-1-1-20,,device_not_recording
1709356860000,2024-03-02T05:21:00Z,899-1-1-20,,device_not_recording
1709356920000,2024-03-02T05:22:00Z,899-1-1-20,,device_not_recording
1709356980000,2024-03-02T05:23:00Z,899-1-1-20,,device_not_recording
1709357040000,2024-03-02T05:24:00Z,899-1-1-20,,device_not_recording
1709357100000,2024-03-02T05:25:00Z,899-1-1-20,,device_not_recording
1709357160000,2024-03-02T05:26:00Z,899-1-1-20,,device_not_recording
1709357220000,2024-03-02T05:27:00Z,899-1-1-20,,device_not_recording
1709357280000,2024-03-02T05:28:00Z,899-1-1-20,,device_not_recording
1709357340000,2024-03-02T05:29:00Z,899-1-1-20,,device_not_recording
1709357400000,2024-03-02T05:30:00Z,899-1-1-20,,device_not_recording
1709357460000,2024-03-02T05:31:00Z,899-1-1-20,,device_not_recording
1709357520000,2024-03-02T05:32:00Z,899-1-1-20,,device_not_recording
1709357580000,2024-03-02T05:33:00Z,899-1-1-20,,device_not_recording
1709357640000,2024-03-02T05:34:00Z,899-1-1-20,,device_not_recording
1709357700000,2024-03-02T05:35:00Z,899-1-1-20,,device_not_recording
1709357760000,2024-03-02T05:36:00Z,899-1-1-20,,device_not_recording
1709357820000,2024-03-02T05:37:00Z,899-1-1-20,,device_not_recording
1709357880000,2024-03-02T05:38:00Z,899-1-1-20,,device_not_recording
1709357940000,2024-03-02T05:39:00Z,899-1-1-20,,device_not_recording
1709358000000,2024-03-02T05:40:00Z,899-1-1-20,,device_not_recording
1709358060000,2024-03-02T05:41:00Z,899-1-1-20,,device_not_recording
1709358120000,2024-03-02T05:42:00Z,899-1-1-20,,device_not_recording
1709358180000,2024-03-02T05:43:00Z,899-1-1-20,,device_not_recording
1709358240000,2024-03-02T05:44:00Z,899-1-1-20,,device_not_recording
1709358300000,2024-03-02T05:45:00Z,899-1-1-20,,device_not_recording
1709358360000,2024-03-02T05:46:00Z,899-1-1-20,,device_not_recording
1709358420000,2024-03-02T05:47:00Z,899-1-1-20,,device_not_recording
1709358480000,2024-03-02T05:48:00Z,899-1-1-20,,device_not_recording
1709358540000,2024-03-02T05:49:00Z,899-1-1-20,,device_not_recording
1709358600000,2024-03-02T05:50:00Z,899-1-1-20,,device_not_recording
1709358660000,2024-03-02T05:51:00Z,899-1-1-20,,device_not_recording
1709358720000,2024-03-02T05:52:00Z,899-1-1-20,,device_not_recording
1709358780000,2024-03-02T05:53:00Z,899-1-1-20,,device_not_recording
1709358840000,2024-03-02T05:54:00Z,899-1-1-20,,device_not_recording
1709358900000,2024-03-02T05:55:00Z,899-1-1-20,,device_not_recording
1709358960000,2024-03-02T05:56:00Z,899-1-1-20,,device_not_recording
1709359020000,2024-03-02T05:57:00Z,899-1-1-20,,device_not_recording
1709359080000,2024-03-02T05:58:00Z,899-1-1-20,,device_not_recording
1709359140000,2024-03-02T05:59:00Z,899-1-1-20,,device_not_recording
1709359200000,2024-03-02T06:00:00Z,899-1-1-20,,device_not_recording
1709359260000,2024-03-02T06:01:00Z,899-1-1-20,,device_not_recording
1709359320000,2024-03-02T06:02:00Z,899-1-1-20,,device_not_recording
1709359380000,2024-03-02T06:03:00Z,899-1-1-20,,device_not_recording
1709359440000,2024-03-02T06:04:00Z,899-1-1-20,,device_not_recording
1709359500000,2024-03-02T06:05:00Z,899-1-1-20,,device_not_recording
1709359560000,2024-03-02T06:06:00Z,899-1-1-20,,device_not_recording
1709359620000,2024-03-02T06:07:00Z,899-1-1-20,,device_not_recording
1709359680000,2024-03-02T06:08:00Z,899-1-1-20,,device_not_recording
1709359740000,2024-03-02T06:09:00Z,899-1-1-20,,device_not_recording
1709359800000,2024-03-02T06:10:00Z,899-1-1-20,,device_not_recording
1709359860000,2024-03-02T06:11:00Z,899-1-1-20,,device_not_recording
1709359920000,2024-03-02T06:12:00Z,899-1-1-20,,device_not_recording
1709359980000,2024-03-02T06:13:00Z,899-1-1-20,,device_not_recording
1709360040000,2024-03-02T06:14:00Z,899-1-1-20,,device_not_recording
1709360100000,2024-03-02T06:15:00Z,899-1-1-20,,device_not_recording
1709360160000,2024-03-02T06:16:00Z,899-1-1-20,,device_not_recording
1709360220000,2024-03-02T06:17:00Z,899-1-1-20,,device_not_recording
1709360280000,2024-03-02T06:18:00Z,899-1-1-20,,device_not_recording
1709360340000,2024-03-02T06:19:00Z,899-1-1-20,,device_not_recording
1709360400000,2024-03-02T06:20:00Z,899-1-1-20,,device_not_recording
1709360460000,2024-03-02T06:21:00Z,899-1-1-20,,device_not_recording
1709360520000,2024-03-02T06:22:00Z,899-1-1-20,,device_not_recording
1709360580000,2024-03-02T06:23:00Z,899-1-1-20,,device_not_recording
1709360640000,2024-03-02T06:24:00Z,899-1-1-20,,device_not_recording
1709360700000,2024-03-02T06:25:00Z,899-1-1-20,,device_not_recording
1709360760000,2024-03-02T06:26:00Z,899-1-1-20,,device_not_recording
1709360820000,2024-03-02T06:27:00Z,899-1-1-20,,device_not_recording
1709360880000,2024-03-02T06:28:00Z,899-1-1-20,,device_not_recording
1709360940000,2024-03-02T06:29:00Z,899-1-1-20,,device_not_recording
1709361000000,2024-03-02T06:30:00Z,899-1-1-20,,device_not_recording
1709361060000,2024-03-02T06:31:00Z,899-1-1-20,,device_not_recording
1709361120000,2024-03-02T06:32:00Z,899-1-1-20,,device_not_recording
1709361180000,2024-03-02T06:33:00Z,899-1-1-20,,device_not_recording
1709361240000,2024-03-02T06:34:00Z,899-1-1-20,,device_not_recording
1709361300000,2024-03-02T06:35:00Z,899-1-1-20,,device_not_recording
1709361360000,2024-03-02T06:36:00Z,899-1-1-20,,device_not_recording
1709361420000,2024-03-02T06:37:00Z,899-1-1-20,,device_not_recording
1709361480000,2024-03-02T06:38:00Z,899-1-1-20,,device_not_recording
1709361540000,2024-03-02T06:39:00Z,899-1-1-20,,device_not_recording
1709361600000,2024-03-02T06:40:00Z,899-1-1-20,,device_not_recording
1709361660000,2024-03-02T06:41:00Z,899-1-1-20,,device_not_recording
1709361720000,2024-03-02T06:42:00Z,899-1-1-20,,device_not_recording
1709361780000,2024-03-02T06:43:00Z,899-1-1-20,,device_not_recording
1709361840000,2024-03-02T06:44:00Z,899-1-1-20,,device_not_recording
1709361900000,2024-03-02T06:45:00Z,899-1-1-20,,device_not_recording
1709361960000,2024-03-02T06:46:00Z,899-1-1-20,,device_not_recording
1709362020000,2024-03-02T06:47:00Z,899-1-1-20,,device_not_recording
1709362080000,2024-03-02T06:48:00Z,899-1-1-20,,device_not_recording
1709362140000,2024-03-02T06:49:00Z,899-1-1-20,,device_not_recording
1709362200000,2024-03-02T06:50:00Z,899-1-1-20,,device_not_recording
1709362260000,2024-03-02T06:51:00Z,899-1-1-20,,device_not_recording
1709362320000,2024-03-02T06:52:00Z,899-1-1-20,,device_not_recording
1709362380000,2024-03-02T06:53:00Z,899-1-1-20,,device_not_recording
1709362440000,2024-03-02T06:54:00Z,899-1-1-20,,device_not_recording
1709362500000,2024-03-02T06:55:00Z,899-1-1-20,,device_not_recording
1709362560000,2024-03-02T06:56:00Z,899-1-1-20,,device_not_recording
1709362620000,2024-03-02T06:57:00Z,899-1-1-20,,device_not_recording
1709362680000,2024-03-02T06:58:00Z,899-1-1-20,,device_not_recording
1709362740000,2024-03-02T06:59:00Z,899-1-1-20,,device_not_recording
1709362800000,2024-03-02T07:00:00Z,899-1-1-20,,device_not_recording
1709362860000,2024-03-02T07:01:00Z,899-1-1-20,,device_not_recording
1709362920000,2024-03-02T07:02:00Z,899-1-1-20,,device_not_recording
1709362980000,2024-03-02T07:03:00Z,899-1-1-20,,device_not_recording
1709363040000,2024-03-02T07:04:00Z,899-1-1-20,,device_not_recording
1709363100000,2024-03-02T07:05:00Z,899-1-1-20,,device_not_recording
1709363160000,2024-03-02T07:06:00Z,899-1-1-20,,device_not_recording
1709363220000,2024-03-02T07:07:00Z,899-1-1-20,,device_not_recording
1709363280000,2024-03-02T07:08:00Z,899-1-1-20,,device_not_recording
1709363340000,2024-03-02T07:09:00Z,899-1-1-20,,device_not_recording
1709363400000,2024-03-02T07:10:00Z,899-1-1-20,,device_not_recording
1709363460000,2024-03-02T07:11:00Z,899-1-1-20,,device_not_recording
1709363520000,2024-03-02T07:12:00Z,899-1-1-20,,device_not_recording
1709363580000,2024-03-02T07:13:00Z,899-1-1-20,,device_not_recording
1709363640000,2024-03-02T07:14:00Z,899-1-1-20,,device_not_recording
1709363700000,2024-03-02T07:15:00Z,899-1-1-20,,device_not_recording
1709363760000,2024-03-02T07:16:00Z,899-1-1-20,,device_not_recording
1709363820000,2024-03-02T07:17:00Z,899-1-1-20,,device_not_recording
1709363880000,2024-03-02T07:18:00Z,899-1-1-20,,device_not_recording
1709363940000,2024-03-02T07:19:00Z,899-1-1-20,,device_not_recording
1709364000000,2024-03-02T07:20:00Z,899-1-1-20,,device_not_recording
1709364060000,2024-03-02T07:21:00Z,899-1-1-20,,device_not_recording
1709364120000,2024-03-02T07:22:00Z,899-1-1-20,,device_not_recording
1709364180000,2024-03-02T07:23:00Z,899-1-1-20,,device_not_recording
1709364240000,2024-03-02T07:24:00Z,899-1-1-20,,device_not_recording
1709364300000,2024-03-02T07:25:00Z,899-1-1-20,,device_not_recording
1709364360000,2024-03-02T07:26:00Z,899-1-1-20,,device_not_recording
1709364420000,2024-03-02T07:27:00Z,899-1-1-20,,device_not_recording
1709364480000,2024-03-02T07:28:00Z,899-1-1-20,,device_not_recording
1709364540000,2024-03-02T07:29:00Z,899-1-1-20,,device_not_recording
1709364600000,2024-03-02T07:30:00Z,899-1-1-20,,device_not_recording
1709364660000,2024-03-02T07:31:00Z,899-1-1-20,,device_not_recording
1709364720000,2024-03-02T07:32:00Z,899-1-1-20,,device_not_recording
1709364780000,2024-03-02T07:33:00Z,899-1-1-20,,device_not_recording
1709364840000,2024-03-02T07:34:00Z,899-1-1-20,,device_not_recording
1709364900000,2024-03-02T07:35:00Z,899-1-1-20,,device_not_recording
1709364960000,2024-03-02T07:36:00Z,899-1-1-20,,device_not_recording
1709365020000,2024-03-02T07:37:00Z,899-1-1-20,,device_not_recording
1709365080000,2024-03-02T07:38:00Z,899-1-1-20,,device_not_recording
1709365140000,2024-03-02T07:39:00Z,899-1-1-20,,device_not_recording
1709365200000,2024-03-02T07:40:00Z,899-1-1-20,,device_not_recording
1709365260000,2024-03-02T07:41:00Z,899-1-1-20,,device_not_recording
1709365320000,2024-03-02T07:42:00Z,899-1-1-20,,device_not_recording
1709365380000,2024-03-02T07:43:00Z,899-1-1-20,,device_not_recording
1709365440000,2024-03-02T07:44:00Z,899-1-1-20,,device_not_recording
1709365500000,2024-03-02T07:45:00Z,899-1-1-20,,device_not_recording
1709365560000,2024-03-02T07:46:00Z,899-1-1-20,,device_not_recording
1709365620000,2024-03-02T07:47:00Z,899-1-1-20,,device_not_recording
1709365680000,2024-03-02T07:48:00Z,899-1-1-20,,device_not_recording
1709365740000,2024-03-02T07:49:00Z,899-1-1-20,,device_not_recording
1709365800000,2024-03-02T07:50:00Z,899-1-1-20,,device_not_recording
1709365860000,2024-03-02T07:51:00Z,899-1-1-20,,device_not_recording
1709365920000,2024-03-02T07:52:00Z,899-1-1-20,,device_not_recording
1709365980000,2024-03-02T07:53:00Z,899-1-1-20,,device_not_recording
1709366040000,2024-03-02T07:54:00Z,899-1-1-20,,device_not_recording
1709366100000,2024-03-02T07:55:00Z,899-1-1-20,,device_not_recording
1709366160000,2024-03-02T07:56:00Z,899-1-1-20,,device_not_recording
1709366220000,2024-03-02T07:57:00Z,899-1-1-20,,device_not_recording
1709366280000,2024-03-02T07:58:00Z,899-1-1-20,,device_not_recording
1709366340000,2024-03-02T07:59:00Z,899-1-1-20,,device_not_recording
1709366400000,2024-03-02T08:00:00Z,899-1-1-20,,device_not_recording
1709366460000,2024-03-02T08:01:00Z,899-1-1-20,,device_not_recording
1709366520000,2024-03-02T08:02:00Z,899-1-1-20,,device_not_recording
1709366580000,2024-03-02T08:03:00Z,899-1-1-20,,device_not_recording
1709366640000,2024-03-02T08:04:00Z,899-1-1-20,,device_not_recording
1709366700000,2024-03-02T08:05:00Z,899-1-1-20,,device_not_recording
1709366760000,2024-03-02T08:06:00Z,899-1-1-20,,device_not_recording
1709366820000,2024-03-02T08:07:00Z,899-1-1-20,,device_not_recording
1709366880000,2024-03-02T08:08:00Z,899-1-1-20,,device_not_recording
1709366940000,2024-03-02T08:09:00Z,899-1-1-20,,device_not_recording
1709367000000,2024-03-02T08:10:00Z,899-1-1-20,,device_not_recording
1709367060000,2024-03-02T08:11:00Z,899-1-1-20,,device_not_recording
1709367120000,2024-03-02T08:12:00Z,899-1-1-20,,device_not_recording
1709367180000,2024-03-02T08:13:00Z,899-1-1-20,,device_not_recording
1709367240000,2024-03-02T08:14:00Z,899-1-1-20,,device_not_recording
1709367300000,2024-03-02T08:15:00Z,899-1-1-20,,device_not_recording
1709367360000,2024-03-02T08:16:00Z,899-1-1-20,,device_not_recording
1709367420000,2024-03-02T08:17:00Z,899-1-1-20,,device_not_recording
1709367480000,2024-03-02T08:18:00Z,899-1-1-20,,device_not_recording
1709367540000,2024-03-02T08:19:00Z,899-1-1-20,,device_not_recording
1709367600000,2024-03-02T08:20:00Z,899-1-1-20,,device_not_recording
1709367660000,2024-03-02T08:21:00Z,899-1-1-20,,device_not_recording
1709367720000,2024-03-02T08:22:00Z,899-1-1-20,,device_not_recording
1709367780000,2024-03-02T08:23:00Z,899-1-1-20,,device_not_recording
1709367840000,2024-03-02T08:24:00Z,899-1-1-20,,device_not_recording
1709367900000,2024-03-02T08:25:00Z,899-1-1-20,,device_not_recording
1709367960000,2024-03-02T08:26:00Z,899-1-1-20,,device_not_recording
1709368020000,2024-03-02T08:27:00Z,899-1-1-20,,device_not_recording
1709368080000,2024-03-02T08:28:00Z,899-1-1-20,,device_not_recording
1709368140000,2024-03-02T08:29:00Z,899-1-1-20,,device_not_recording
1709368200000,2024-03-02T08:30:00Z,899-1-1-20,,device_not_recording
1709368260000,2024-03-02T08:31:00Z,899-1-1-20,,device_not_recording
1709368320000,2024-03-02T08:32:00Z,899-1-1-20,,device_not_recording
1709368380000,2024-03-02T08:33:00Z,899-1-1-20,,device_not_recording
1709368440000,2024-03-02T08:34:00Z,899-1-1-20,,device_not_recording
1709368500000,2024-03-02T08:35:00Z,899-1-1-20,,device_not_recording
1709368560000,2024-03-02T08:36:00Z,899-1-1-20,,device_not_recording
1709368620000,2024-03-02T08:37:00Z,899-1-1-20,,device_not_recording
1709368680000,2024-03-02T08:38:00Z,899-1-1-20,,device_not_recording
1709368740000,2024-03-02T08:39:00Z,899-1-1-20,,device_not_recording
1709368800000,2024-03-02T08:40:00Z,899-1-1-20,,device_not_recording
1709368860000,2024-03-02T08:41:00Z,899-1-1-20,,device_not_recording
1709368920000,2024-03-02T08:42:00Z,899-1-1-20,,device_not_recording
1709368980000,2024-03-02T08:43:00Z,899-1-1-20,,device_not_recording
1709369040000,2024-03-02T08:44:00Z,899-1-1-20,,device_not_recording
1709369100000,2024-03-02T08:45:00Z,899-1-1-20,,device_not_recording
1709369160000,2024-03-02T08:46:00Z,899-1-1-20,,device_not_recording
1709369220000,2024-03-02T08:47:00Z,899-1-1-20,,device_not_recording
1709369280000,2024-03-02T08:48:00Z,899-1-1-20,,device_not_recording
1709369340000,2024-03-02T08:49:00Z,899-1-1-20,,device_not_recording
1709369400000,2024-03-02T08:50:00Z,899-1-1-20,,device_not_recording
1709369460000,2024-03-02T08:51:00Z,899-1-1-20,,device_not_recording
1709369520000,2024-03-02T08:52:00Z,899-1-1-20,,device_not_recording
1709369580000,2024-03-02T08:53:00Z,899-1-1-20,,device_not_recording
1709369640000,2024-03-02T08:54:00Z,899-1-1-20,,device_not_recording
1709369700000,2024-03-02T08:55:00Z,899-1-1-20,,device_not_recording
1709369760000,2024-03-02T08:56:00Z,899-1-1-20,,device_not_recording
1709369820000,2024-03-02T08:57:00Z,899-1-1-20,,device_not_recording
1709369880000,2024-03-02T08:58:00Z,899-1-1-20,,device_not_recording
1709369940000,2024-03-02T08:59:00Z,899-1-1-20,,device_not_recording
1709370000000,2024-03-02T09:00:00Z,899-1-1-20,,device_not_recording
1709370060000,2024-03-02T09:01:00Z,899-1-1-20,,device_not_recording
1709370120000,2024-03-02T09:02:00Z,899-1-1-20,,device_not_recording
1709370180000,2024-03-02T09:03:00Z,899-1-1-20,,device_not_recording
1709370240000,2024-03-02T09:04:00Z,899-1-1-20,,device_not_recording
1709370300000,2024-03-02T09:05:00Z,899-1-1-20,,device_not_recording
1709370360000,2024-03-02T09:06:00Z,899-1-1-20,,device_not_recording
1709370420000,2024-03-02T09:07:00Z,899-1-1-20,,device_not_recording
1709370480000,2024-03-02T09:08:00Z,899-1-1-20,,device_not_recording
1709370540000,2024-03-02T09:09:00Z,899-1-1-20,,device_not_recording
1709370600000,2024-03-02T09:10:00Z,899-1-1-20,,device_not_recording
1709370660000,2024-03-02T09:11:00Z,899-1-1-20,,device_not_recording
1709370720000,2024-03-02T09:12:00Z,899-1-1-20,,device_not_recording
1709370780000,2024-03-02T09:13:00Z,899-1-1-20,,device_not_recording
1709370840000,2024-03-02T09:14:00Z,899-1-1-20,,device_not_recording
1709370900000,2024-03-02T09:15:00Z,899-1-1-20,,device_not_recording
1709370960000,2024-03-02T09:16:00Z,899-1-1-20,,device_not_recording
1709371020000,2024-03-02T09:17:00Z,899-1-1-20,,device_not_recording
1709371080000,2024-03-02T09:18:00Z,899-1-1-20,,device_not_recording
1709371140000,2024-03-02T09:19:00Z,899-1-1-20,,device_not_recording
1709371200000,2024-03-02T09:20:00Z,899-1-1-20,,device_not_recording
1709371260000,2024-03-02T09:21:00Z,899-1-1-20,,device_not_recording
1709371320000,2024-03-02T09:22:00Z,899-1-1-20,,device_not_recording
1709371380000,2024-03-02T09:23:00Z,899-1-1-20,,device_not_recording
1709371440000,2024-03-02T09:24:00Z,899-1-1-20,,device_not_recording
1709371500000,2024-03-02T09:25:00Z,899-1-1-20,,device_not_recording
1709371560000,2024-03-02T09:26:00Z,899-1-1-20,,device_not_recording
1709371620000,2024-03-02T09:27:00Z,899-1-1-20,,device_not_recording
1709371680000,2024-03-02T09:28:00Z,899-1-1-20,,device_not_recording
1709371740000,2024-03-02T09:29:00Z,899-1-1-20,,device_not_recording
1709371800000,2024-03-02T09:30:00Z,899-1-1-20,,device_not_recording
1709371860000,2024-03-02T09:31:00Z,899-1-1-20,,device_not_recording
1709371920000,2024-03-02T09:32:00Z,899-1-1-20,,device_not_recording
1709371980000,2024-03-02T09:33:00Z,899-1-1-20,,device_not_recording
1709372040000,2024-03-02T09:34:00Z,899-1-1-20,,device_not_recording
1709372100000,2024-03-02T09:35:00Z,899-1-1-20,,device_not_recording
1709372160000,2024-03-02T09:36:00Z,899-1-1-20,,device_not_recording
1709372220000,2024-03-02T09:37:00Z,899-1-1-20,,device_not_recording
1709372280000,2024-03-02T09:38:00Z,899-1-1-20,,device_not_recording
1709372340000,2024-03-02T09:39:00Z,899-1-1-20,,device_not_recording
1709372400000,2024-03-02T09:40:00Z,899-1-1-20,,device_not_recording
1709372460000,2024-03-02T09:41:00Z,899-1-1-20,,device_not_recording
1709372520000,2024-03-02T09:42:00Z,899-1-1-20,,device_not_recording
1709372580000,2024-03-02T09:43:00Z,899-1-1-20,,device_not_recording
1709372640000,2024-03-02T09:44:00Z,899-1-1-20,,device_not_recording
1709372700000,2024-03-02T09:45:00Z,899-1-1-20,,device_not_recording
1709372760000,2024-03-02T09:46:00Z,899-1-1-20,,device_not_recording
1709372820000,2024-03-02T09:47:00Z,899-1-1-20,,device_not_recording
1709372880000,2024-03-02T09:48:00Z,899-1-1-20,,device_not_recording
1709372940000,2024-03-02T09:49:00Z,899-1-1-20,,device_not_recording
1709373000000,2024-03-02T09:50:00Z,899-1-1-20,,device_not_recording
1709373060000,2024-03-02T09:51:00Z,899-1-1-20,,device_not_recording
1709373120000,2024-03-02T09:52:00Z,899-1-1-20,,device_not_recording
1709373180000,2024-03-02T09:53:00Z,899-1-1-20,,device_not_recording
1709373240000,2024-03-02T09:54:00Z,899-1-1-20,,device_not_recording
1709373300000,2024-03-02T09:55:00Z,899-1-1-20,,device_not_recording
1709373360000,2024-03-02T09:56:00Z,899-1-1-20,,device_not_recording
1709373420000,2024-03-02T09:57:00Z,899-1-1-20,,device_not_recording
1709373480000,2024-03-02T09:58:00Z,899-1-1-20,,device_not_recording
1709373540000,2024-03-02T09:59:00Z,899-1-1-20,,device_not_recording
1709373600000,2024-03-02T10:00:00Z,899-1-1-20,,device_not_recording
1709373660000,2024-03-02T10:01:00Z,899-1-1-20,,device_not_recording
1709373720000,2024-03-02T10:02:00Z,899-1-1-20,,device_not_recording
1709373780000,2024-03-02T10:03:00Z,899-1-1-20,,device_not_recording
1709373840000,2024-03-02T10:04:00Z,899-1-1-20,,device_not_recording
1709373900000,2024-03-02T10:05:00Z,899-1-1-20,,device_not_recording
1709373960000,2024-03-02T10:06:00Z,899-1-1-20,,device_not_recording
1709374020000,2024-03-02T10:07:00Z,899-1-1-20,,device_not_recording
1709374080000,2024-03-02T10:08:00Z,899-1-1-20,,device_not_recording
1709374140000,2024-03-02T10:09:00Z,899-1-1-20,,device_not_recording
1709374200000,2024-03-02T10:10:00Z,899-1-1-20,,device_not_recording
1709374260000,2024-03-02T10:11:00Z,899-1-1-20,,device_not_recording
1709374320000,2024-03-02T10:12:00Z,899-1-1-20,,device_not_recording
1709374380000,2024-03-02T10:13:00Z,899-1-1-20,,device_not_recording
1709374440000,2024-03-02T10:14:00Z,899-1-1-20,,device_not_recording
1709374500000,2024-03-02T10:15:00Z,899-1-1-20,,device_not_recording
1709374560000,2024-03-02T10:16:00Z,899-1-1-20,,device_not_recording
1709374620000,2024-03-02T10:17:00Z,899-1-1-20,,device_not_recording
1709374680000,2024-03-02T10:18:00Z,899-1-1-20,,device_not_recording
1709374740000,2024-03-02T10:19:00Z,899-1-1-20,,device_not_recording
1709374800000,2024-03-02T10:20:00Z,899-1-1-20,,device_not_recording
1709374860000,2024-03-02T10:21:00Z,899-1-1-20,,device_not_recording
1709374920000,2024-03-02T10:22:00Z,899-1-1-20,,device_not_recording
1709374980000,2024-03-02T10:23:00Z,899-1-1-20,,device_not_recording
1709375040000,2024-03-02T10:24:00Z,899-1-1-20,,device_not_recording
1709375100000,2024-03-02T10:25:00Z,899-1-1-20,,device_not_recording
1709375160000,2024-03-02T10:26:00Z,899-1-1-20,,device_not_recording
1709375220000,2024-03-02T10:27:00Z,899-1-1-20,,device_not_recording
1709375280000,2024-03-02T10:28:00Z,899-1-1-20,,device_not_recording
1709375340000,2024-03-02T10:29:00Z,899-1-1-20,,device_not_recording
1709375400000,2024-03-02T10:30:00Z,899-1-1-20,,device_not_recording
1709375460000,2024-03-02T10:31:00Z,899-1-1-20,,device_not_recording
1709375520000,2024-03-02T10:32:00Z,899-1-1-20,,device_not_recording
1709375580000,2024-03-02T10:33:00Z,899-1-1-20,,device_not_recording
1709375640000,2024-03-02T10:34:00Z,899-1-1-20,,device_not_recording
1709375700000,2024-03-02T10:35:00Z,899-1-1-20,,device_not_recording
1709375760000,2024-03-02T10:36:00Z,899-1-1-20,,device_not_recording
1709375820000,2024-03-02T10:37:00Z,899-1-1-20,,device_not_recording
1709375880000,2024-03-02T10:38:00Z,899-1-1-20,,device_not_recording
1709375940000,2024-03-02T10:39:00Z,899-1-1-20,,device_not_recording
1709376000000,2024-03-02T10:40:00Z,899-1-1-20,,device_not_recording
1709376060000,2024-03-02T10:41:00Z,899-1-1-20,,device_not_recording
1709376120000,2024-03-02T10:42:00Z,899-1-1-20,,device_not_recording
1709376180000,2024-03-02T10:43:00Z,899-1-1-20,,device_not_recording
1709376240000,2024-03-02T10:44:00Z,899-1-1-20,,device_not_recording
1709376300000,2024-03-02T10:45:00Z,899-1-1-20,,device_not_recording
1709376360000,2024-03-02T10:46:00Z,899-1-1-20,,device_not_recording
1709376420000,2024-03-02T10:47:00Z,899-1-1-20,,device_not_recording
1709376480000,2024-03-02T10:48:00Z,899-1-1-20,,device_not_recording
1709376540000,2024-03-02T10:49:00Z,899-1-1-20,,device_not_recording
1709376600000,2024-03-02T10:50:00Z,899-1-1-20,,device_not_recording
1709376660000,2024-03-02T10:51:00Z,899-1-1-20,,device_not_recording
1709376720000,2024-03-02T10:52:00Z,899-1-1-20,,device_not_recording
1709376780000,2024-03-02T10:53:00Z,899-1-1-20,,device_not_recording
1709376840000,2024-03-02T10:54:00Z,899-1-1-20,,device_not_recording
1709376900000,2024-03-02T10:55:00Z,899-1-1-20,,device_not_recording
1709376960000,2024-03-02T10:56:00Z,899-1-1-20,,device_not_recording
1709377020000,2024-03-02T10:57:00Z,899-1-1-20,,device_not_recording
1709377080000,2024-03-02T10:58:00Z,899-1-1-20,,device_not_recording
1709377140000,2024-03-02T10:59:00Z,899-1-1-20,,device_not_recording
1709377200000,2024-03-02T11:00:00Z,899-1-1-20,,device_not_recording
1709377260000,2024-03-02T11:01:00Z,899-1-1-20,,device_not_recording
1709377320000,2024-03-02T11:02:00Z,899-1-1-20,,device_not_recording
1709377380000,2024-03-02T11:03:00Z,899-1-1-20,,device_not_recording
1709377440000,2024-03-02T11:04:00Z,899-1-1-20,,device_not_recording
1709377500000,2024-03-02T11:05:00Z,899-1-1-20,,device_not_recording
1709377560000,2024-03-02T11:06:00Z,899-1-1-20,,device_not_recording
1709377620000,2024-03-02T11:07:00Z,899-1-1-20,,device_not_recording
1709377680000,2024-03-02T11:08:00Z,899-1-1-20,,device_not_recording
1709377740000,2024-03-02T11:09:00Z,899-1-1-20,,device_not_recording
1709377800000,2024-03-02T11:10:00Z,899-1-1-20,,device_not_recording
1709377860000,2024-03-02T11:11:00Z,899-1-1-20,,device_not_recording
1709377920000,2024-03-02T11:12:00Z,899-1-1-20,,device_not_recording
1709377980000,2024-03-02T11:13:00Z,899-1-1-20,,device_not_recording
1709378040000,2024-03-02T11:14:00Z,899-1-1-20,,device_not_recording
1709378100000,2024-03-02T11:15:00Z,899-1-1-20,,device_not_recording
1709378160000,2024-03-02T11:16:00Z,899-1-1-20,,device_not_recording
1709378220000,2024-03-02T11:17:00Z,899-1-1-20,,device_not_recording
1709378280000,2024-03-02T11:18:00Z,899-1-1-20,,device_not_recording
1709378340000,2024-03-02T11:19:00Z,899-1-1-20,,device_not_recording
1709378400000,2024-03-02T11:20:00Z,899-1-1-20,,device_not_recording
1709378460000,2024-03-02T11:21:00Z,899-1-1-20,,device_not_recording
1709378520000,2024-03-02T11:22:00Z,899-1-1-20,,device_not_recording
1709378580000,2024-03-02T11:23:00Z,899-1-1-20,,device_not_recording
1709378640000,2024-03-02T11:24:00Z,899-1-1-20,,device_not_recording
1709378700000,2024-03-02T11:25:00Z,899-1-1-20,,device_not_recording
1709378760000,2024-03-02T11:26:00Z,899-1-1-20,,device_not_recording
1709378820000,2024-03-02T11:27:00Z,899-1-1-20,,device_not_recording
1709378880000,2024-03-02T11:28:00Z,899-1-1-20,,device_not_recording
1709378940000,2024-03-02T11:29:00Z,899-1-1-20,,device_not_recording
1709379000000,2024-03-02T11:30:00Z,899-1-1-20,,device_not_recording
1709379060000,2024-03-02T11:31:00Z,899-1-1-20,,device_not_recording
1709379120000,2024-03-02T11:32:00Z,899-1-1-20,,device_not_recording
1709379180000,2024-03-02T11:33:00Z,899-1-1-20,,device_not_recording
1709379240000,2024-03-02T11:34:00Z,899-1-1-20,,device_not_recording
1709379300000,2024-03-02T11:35:00Z,899-1-1-20,,device_not_recording
1709379360000,2024-03-02T11:36:00Z,899-1-1-20,,device_not_recording
1709379420000,2024-03-02T11:37:00Z,899-1-1-20,,device_not_recording
1709379480000,2024-03-02T11:38:00Z,899-1-1-20,,device_not_recording
1709379540000,2024-03-02T11:39:00Z,899-1-1-20,,device_not_recording
1709379600000,2024-03-02T11:40:00Z,899-1-1-20,,device_not_recording
1709379660000,2024-03-02T11:41:00Z,899-1-1-20,,device_not_recording
1709379720000,2024-03-02T11:42:00Z,899-1-1-20,,device_not_recording
1709379780000,2024-03-02T11:43:00Z,899-1-1-20,,device_not_recording
1709379840000,2024-03-02T11:44:00Z,899-1-1-20,,device_not_recording
1709379900000,2024-03-02T11:45:00Z,899-1-1-20,,device_not_recording
1709379960000,2024-03-02T11:46:00Z,899-1-1-20,,device_not_recording
1709380020000,2024-03-02T11:47:00Z,899-1-1-20,,device_not_recording
1709380080000,2024-03-02T11:48:00Z,899-1-1-20,,device_not_recording
1709380140000,2024-03-02T11:49:00Z,899-1-1-20,,device_not_recording
1709380200000,2024-03-02T11:50:00Z,899-1-1-20,,device_not_recording
1709380260000,2024-03-02T11:51:00Z,899-1-1-20,,device_not_recording
1709380320000,2024-03-02T11:52:00Z,899-1-1-20,,device_not_recording
1709380380000,2024-03-02T11:53:00Z,899-1-1-20,,device_not_recording
1709380440000,2024-03-02T11:54:00Z,899-1-1-20,,device_not_recording
1709380500000,2024-03-02T11:55:00Z,899-1-1-20,,device_not_recording
1709380560000,2024-03-02T11:56:00Z,899-1-1-20,,device_not_recording
1709380620000,2024-03-02T11:57:00Z,899-1-1-20,,device_not_recording
1709380680000,2024-03-02T11:58:00Z,899-1-1-20,,device_not_recording
1709380740000,2024-03-02T11:59:00Z,899-1-1-20,,device_not_recording
1709380800000,2024-03-02T12:00:00Z,899-1-1-20,,device_not_recording
1709380860000,2024-03-02T12:01:00Z,899-1-1-20,,device_not_recording
1709380920000,2024-03-02T12:02:00Z,899-1-1-20,,device_not_recording
1709380980000,2024-03-02T12:03:00Z,899-1-1-20,,device_not_recording
1709381040000,2024-03-02T12:04:00Z,899-1-1-20,,device_not_recording
1709381100000,2024-03-02T12:05:00Z,899-1-1-20,,device_not_recording
1709381160000,2024-03-02T12:06:00Z,899-1-1-20,,device_not_recording
1709381220000,2024-03-02T12:07:00Z,899-1-1-20,,device_not_recording
1709381280000,2024-03-02T12:08:00Z,899-1-1-20,,device_not_recording
1709381340000,2024-03-02T12:09:00Z,899-1-1-20,,device_not_recording
1709381400000,2024-03-02T12:10:00Z,899-1-1-20,,device_not_recording
1709381460000,2024-03-02T12:11:00Z,899-1-1-20,,device_not_recording
1709381520000,2024-03-02T12:12:00Z,899-1-1-20,,device_not_recording
1709381580000,2024-03-02T12:13:00Z,899-1-1-20,,device_not_recording
1709381640000,2024-03-02T12:14:00Z,899-1-1-20,,device_not_recording
1709381700000,2024-03-02T12:15:00Z,899-1-1-20,,device_not_recording
1709381760000,2024-03-02T12:16:00Z,899-1-1-20,,device_not_recording
1709381820000,2024-03-02T12:17:00Z,899-1-1-20,,device_not_recording
1709381880000,2024-03-02T12:18:00Z,899-1-1-20,,device_not_recording
1709381940000,2024-03-02T12:19:00Z,899-1-1-20,,device_not_recording
1709382000000,2024-03-02T12:20:00Z,899-1-1-20,,device_not_recording
1709382060000,2024-03-02T12:21:00Z,899-1-1-20,,device_not_recording
1709382120000,2024-03-02T12:22:00Z,899-1-1-20,,device_not_recording
1709382180000,2024-03-02T12:23:00Z,899-1-1-20,,device_not_recording
1709382240000,2024-03-02T12:24:00Z,899-1-1-20,,device_not_recording
1709382300000,2024-03-02T12:25:00Z,899-1-1-20,,device_not_recording
1709382360000,2024-03-02T12:26:00Z,899-1-1-20,,device_not_recording
1709382420000,2024-03-02T12:27:00Z,899-1-1-20,,device_not_recording
1709382480000,2024-03-02T12:28:00Z,899-1-1-20,,device_not_recording
1709382540000,2024-03-02T12:29:00Z,899-1-1-20,,device_not_recording
1709382600000,2024-03-02T12:30:00Z,899-1-1-20,,device_not_recording
1709382660000,2024-03-02T12:31:00Z,899-1-1-20,,device_not_recording
1709382720000,2024-03-02T12:32:00Z,899-1-1-20,,device_not_recording
1709382780000,2024-03-02T12:33:00Z,899-1-1-20,,device_not_recording
1709382840000,2024-03-02T12:34:00Z,899-1-1-20,,device_not_recording
1709382900000,2024-03-02T12:35:00Z,899-1-1-20,,device_not_recording
1709382960000,2024-03-02T12:36:00Z,899-1-1-20,,device_not_recording
1709383020000,2024-03-02T12:37:00Z,899-1-1-20,,device_not_recording
1709383080000,2024-03-02T12:38:00Z,899-1-1-20,,device_not_recording
1709383140000,2024-03-02T12:39:00Z,899-1-1-20,,device_not_recording
1709383200000,2024-03-02T12:40:00Z,899-1-1-20,,device_not_recording
1709383260000,2024-03-02T12:41:00Z,899-1-1-20,,device_not_recording
1709383320000,2024-03-02T12:42:00Z,899-1-1-20,,device_not_recording
1709383380000,2024-03-02T12:43:00Z,899-1-1-20,,device_not_recording
1709383440000,2024-03-02T12:44:00Z,899-1-1-20,,device_not_recording
1709383500000,2024-03-02T12:45:00Z,899-1-1-20,,device_not_recording
1709383560000,2024-03-02T12:46:00Z,899-1-1-20,,device_not_recording
1709383620000,2024-03-02T12:47:00Z,899-1-1-20,,device_not_recording
1709383680000,2024-03-02T12:48:00Z,899-1-1-20,,device_not_recording
1709383740000,2024-03-02T12:49:00Z,899-1-1-20,,device_not_recording
1709383800000,2024-03-02T12:50:00Z,899-1-1-20,,device_not_recording
1709383860000,2024-03-02T12:51:00Z,899-1-1-20,,device_not_recording
1709383920000,2024-03-02T12:52:00Z,899-1-1-20,,device_not_recording
1709383980000,2024-03-02T12:53:00Z,899-1-1-20,,device_not_recording
1709384040000,2024-03-02T12:54:00Z,899-1-1-20,,device_not_recording
1709384100000,2024-03-02T12:55:00Z,899-1-1-20,,device_not_recording
1709384160000,2024-03-02T12:56:00Z,899-1-1-20,,device_not_recording
1709384220000,2024-03-02T12:57:00Z,899-1-1-20,,device_not_recording
1709384280000,2024-03-02T12:58:00Z,899-1-1-20,,device_not_recording
1709384340000,2024-03-02T12:59:00Z,899-1-1-20,,device_not_recording
1709384400000,2024-03-02T13:00:00Z,899-1-1-20,,device_not_recording
1709384460000,2024-03-02T13:01:00Z,899-1-1-20,,device_not_recording
1709384520000,2024-03-02T13:02:00Z,899-1-1-20,,device_not_recording
1709384580000,2024-03-02T13:03:00Z,899-1-1-20,,device_not_recording
1709384640000,2024-03-02T13:04:00Z,899-1-1-20,,device_not_recording
1709384700000,2024-03-02T13:05:00Z,899-1-1-20,,device_not_recording
1709384760000,2024-03-02T13:06:00Z,899-1-1-20,,device_not_recording
1709384820000,2024-03-02T13:07:00Z,899-1-1-20,,device_not_recording
1709384880000,2024-03-02T13:08:00Z,899-1-1-20,,device_not_recording
1709384940000,2024-03-02T13:09:00Z,899-1-1-20,,device_not_recording
1709385000000,2024-03-02T13:10:00Z,899-1-1-20,,device_not_recording
1709385060000,2024-03-02T13:11:00Z,899-1-1-20,,device_not_recording
1709385120000,2024-03-02T13:12:00Z,899-1-1-20,,device_not_recording
1709385180000,2024-03-02T13:13:00Z,899-1-1-20,,device_not_recording
1709385240000,2024-03-02T13:14:00Z,899-1-1-20,,device_not_recording
1709385300000,2024-03-02T13:15:00Z,899-1-1-20,,device_not_recording
1709385360000,2024-03-02T13:16:00Z,899-1-1-20,,device_not_recording
1709385420000,2024-03-02T13:17:00Z,899-1-1-20,,device_not_recording
1709385480000,2024-03-02T13:18:00Z,899-1-1-20,,device_not_recording
1709385540000,2024-03-02T13:19:00Z,899-1-1-20,,device_not_recording
1709385600000,2024-03-02T13:20:00Z,899-1-1-20,,device_not_recording
1709385660000,2024-03-02T13:21:00Z,899-1-1-20,,device_not_recording
1709385720000,2024-03-02T13:22:00Z,899-1-1-20,,device_not_recording
1709385780000,2024-03-02T13:23:00Z,899-1-1-20,,device_not_recording
1709385840000,2024-03-02T13:24:00Z,899-1-1-20,,device_not_recording
1709385900000,2024-03-02T13:25:00Z,899-1-1-20,,device_not_recording
1709385960000,2024-03-02T13:26:00Z,899-1-1-20,,device_not_recording
1709386020000,2024-03-02T13:27:00Z,899-1-1-20,,device_not_recording
1709386080000,2024-03-02T13:28:00Z,899-1-1-20,,device_not_recording
1709386140000,2024-03-02T13:29:00Z,899-1-1-20,,device_not_recording
1709386200000,2024-03-02T13:30:00Z,899-1-1-20,,device_not_recording
1709386260000,2024-03-02T13:31:00Z,899-1-1-20,,device_not_recording
1709386320000,2024-03-02T13:32:00Z,899-1-1-20,,device_not_recording
1709386380000,2024-03-02T13:33:00Z,899-1-1-20,,device_not_recording
1709386440000,2024-03-02T13:34:00Z,899-1-1-20,,device_not_recording
1709386500000,2024-03-02T13:35:00Z,899-1-1-20,,device_not_recording
1709386560000,2024-03-02T13:36:00Z,899-1-1-20,,device_not_recording
1709386620000,2024-03-02T13:37:00Z,899-1-1-20,,device_not_recording
1709386680000,2024-03-02T13:38:00Z,899-1-1-20,,device_not_recording
1709386740000,2024-03-02T13:39:00Z,899-1-1-20,,device_not_recording
1709386800000,2024-03-02T13:40:00Z,899-1-1-20,,device_not_recording
1709386860000,2024-03-02T13:41:00Z,899-1-1-20,,device_not_recording
1709386920000,2024-03-02T13:42:00Z,899-1-1-20,,device_not_recording
1709386980000,2024-03-02T13:43:00Z,899-1-1-20,,device_not_recording
1709387040000,2024-03-02T13:44:00Z,899-1-1-20,,device_not_recording
1709387100000,2024-03-02T13:45:00Z,899-1-1-20,,device_not_recording
1709387160000,2024-03-02T13:46:00Z,899-1-1-20,,device_not_recording
1709387220000,2024-03-02T13:47:00Z,899-1-1-20,,device_not_recording
1709387280000,2024-03-02T13:48:00Z,899-1-1-20,,device_not_recording
1709387340000,2024-03-02T13:49:00Z,899-1-1-20,,device_not_recording
1709387400000,2024-03-02T13:50:00Z,899-1-1-20,,device_not_recording
1709387460000,2024-03-02T13:51:00Z,899-1-1-20,,device_not_recording
1709387520000,2024-03-02T13:52:00Z,899-1-1-20,,device_not_recording
1709387580000,2024-03-02T13:53:00Z,899-1-1-20,,device_not_recording
1709387640000,2024-03-02T13:54:00Z,899-1-1-20,,device_not_recording
1709387700000,2024-03-02T13:55:00Z,899-1-1-20,,device_not_recording
1709387760000,2024-03-02T13:56:00Z,899-1-1-20,,device_not_recording
1709387820000,2024-03-02T13:57:00Z,899-1-1-20,,device_not_recording
1709387880000,2024-03-02T13:58:00Z,899-1-1-20,,device_not_recording
1709387940000,2024-03-02T13:59:00Z,899-1-1-20,,device_not_recording
1709388000000,2024-03-02T14:00:00Z,899-1-1-20,,device_not_recording
1709388060000,2024-03-02T14:01:00Z,899-1-1-20,,device_not_recording
1709388120000,2024-03-02T14:02:00Z,899-1-1-20,,device_not_recording
1709388180000,2024-03-02T14:03:00Z,899-1-1-20,,device_not_recording
1709388240000,2024-03-02T14:04:00Z,899-1-1-20,,device_not_recording
1709388300000,2024-03-02T14:05:00Z,899-1-1-20,,device_not_recording
1709388360000,2024-03-02T14:06:00Z,899-1-1-20,,device_not_recording
1709388420000,2024-03-02T14:07:00Z,899-1-1-20,,device_not_recording
1709388480000,2024-03-02T14:08:00Z,899-1-1-20,,device_not_recording
1709388540000,2024-03-02T14:09:00Z,899-1-1-20,,device_not_recording
1709388600000,2024-03-02T14:10:00Z,899-1-1-20,,device_not_recording
1709388660000,2024-03-02T14:11:00Z,899-1-1-20,,device_not_recording
1709388720000,2024-03-02T14:12:00Z,899-1-1-20,,device_not_recording
1709388780000,2024-03-02T14:13:00Z,899-1-1-20,,device_not_recording
1709388840000,2024-03-02T14:14:00Z,899-1-1-20,,device_not_recording
1709388900000,2024-03-02T14:15:00Z,899-1-1-20,,device_not_recording
1709388960000,2024-03-02T14:16:00Z,899-1-1-20,,device_not_recording
1709389020000,2024-03-02T14:17:00Z,899-1-1-20,,device_not_recording
1709389080000,2024-03-02T14:18:00Z,899-1-1-20,,device_not_recording
1709389140000,2024-03-02T14:19:00Z,899-1-1-20,,device_not_recording
1709389200000,2024-03-02T14:20:00Z,899-1-1-20,,device_not_recording
1709389260000,2024-03-02T14:21:00Z,899-1-1-20,,device_not_recording
1709389320000,2024-03-02T14:22:00Z,899-1-1-20,,device_not_recording
1709389380000,2024-03-02T14:23:00Z,899-1-1-20,,device_not_recording
1709389440000,2024-03-02T14:24:00Z,899-1-1-20,,device_not_recording
1709389500000,2024-03-02T14:25:00Z,899-1-1-20,,device_not_recording
1709389560000,2024-03-02T14:26:00Z,899-1-1-20,,device_not_recording
1709389620000,2024-03-02T14:27:00Z,899-1-1-20,,device_not_recording
1709389680000,2024-03-02T14:28:00Z,899-1-1-20,,device_not_recording
1709389740000,2024-03-02T14:29:00Z,899-1-1-20,,device_not_recording
1709389800000,2024-03-02T14:30:00Z,899-1-1-20,,device_not_recording
1709389860000,2024-03-02T14:31:00Z,899-1-1-20,,device_not_recording
1709389920000,2024-03-02T14:32:00Z,899-1-1-20,,device_not_recording
1709389980000,2024-03-02T14:33:00Z,899-1-1-20,,device_not_recording
1709390040000,2024-03-02T14:34:00Z,899-1-1-20,,device_not_recording
1709390100000,2024-03-02T14:35:00Z,899-1-1-20,,device_not_recording
1709390160000,2024-03-02T14:36:00Z,899-1-1-20,,device_not_recording
1709390220000,2024-03-02T14:37:00Z,899-1-1-20,,device_not_recording
1709390280000,2024-03-02T14:38:00Z,899-1-1-20,,device_not_recording
1709390340000,2024-03-02T14:39:00Z,899-1-1-20,,device_not_recording
1709390400000,2024-03-02T14:40:00Z,899-1-1-20,,device_not_recording
1709390460000,2024-03-02T14:41:00Z,899-1-1-20,,device_not_recording
1709390520000,2024-03-02T14:42:00Z,899-1-1-20,,device_not_recording
1709390580000,2024-03-02T14:43:00Z,899-1-1-20,,device_not_recording
1709390640000,2024-03-02T14:44:00Z,899-1-1-20,,device_not_recording
1709390700000,2024-03-02T14:45:00Z,899-1-1-20,,device_not_recording
1709390760000,2024-03-02T14:46:00Z,899-1-1-20,,device_not_recording
1709390820000,2024-03-02T14:47:00Z,899-1-1-20,,device_not_recording
1709390880000,2024-03-02T14:48:00Z,899-1-1-20,,device_not_recording
1709390940000,2024-03-02T14:49:00Z,899-1-1-20,,device_not_recording
1709391000000,2024-03-02T14:50:00Z,899-1-1-20,,device_not_recording
1709391060000,2024-03-02T14:51:00Z,899-1-1-20,,device_not_recording
1709391120000,2024-03-02T14:52:00Z,899-1-1-20,,device_not_recording
1709391180000,2024-03-02T14:53:00Z,899-1-1-20,,device_not_recording
1709391240000,2024-03-02T14:54:00Z,899-1-1-20,,device_not_recording
1709391300000,2024-03-02T14:55:00Z,899-1-1-20,,device_not_recording
1709391360000,2024-03-02T14:56:00Z,899-1-1-20,,device_not_recording
1709391420000,2024-03-02T14:57:00Z,899-1-1-20,,device_not_recording
1709391480000,2024-03-02T14:58:00Z,899-1-1-20,,device_not_recording
1709391540000,2024-03-02T14:59:00Z,899-1-1-20,,device_not_recording
1709391600000,2024-03-02T15:00:00Z,899-1-1-20,,device_not_recording
1709391660000,2024-03-02T15:01:00Z,899-1-1-20,,device_not_recording
1709391720000,2024-03-02T15:02:00Z,899-1-1-20,,device_not_recording
1709391780000,2024-03-02T15:03:00Z,899-1-1-20,,device_not_recording
1709391840000,2024-03-02T15:04:00Z,899-1-1-20,,device_not_recording
1709391900000,2024-03-02T15:05:00Z,899-1-1-20,,device_not_recording
1709391960000,2024-03-02T15:06:00Z,899-1-1-20,,device_not_recording
1709392020000,2024-03-02T15:07:00Z,899-1-1-20,,device_not_recording
1709392080000,2024-03-02T15:08:00Z,899-1-1-20,,device_not_recording
1709392140000,2024-03-02T15:09:00Z,899-1-1-20,,device_not_recording
1709392200000,2024-03-02T15:10:00Z,899-1-1-20,,device_not_recording
1709392260000,2024-03-02T15:11:00Z,899-1-1-20,,device_not_recording
1709392320000,2024-03-02T15:12:00Z,899-1-1-20,,device_not_recording
1709392380000,2024-03-02T15:13:00Z,899-1-1-20,,device_not_recording
1709392440000,2024-03-02T15:14:00Z,899-1-1-20,,device_not_recording
1709392500000,2024-03-02T15:15:00Z,899-1-1-20,,device_not_recording
1709392560000,2024-03-02T15:16:00Z,899-1-1-20,,device_not_recording
1709392620000,2024-03-02T15:17:00Z,899-1-1-20,,device_not_recording
1709392680000,2024-03-02T15:18:00Z,899-1-1-20,,device_not_recording
1709392740000,2024-03-02T15:19:00Z,899-1-1-20,,device_not_recording
1709392800000,2024-03-02T15:20:00Z,899-1-1-20,,device_not_recording
1709392860000,2024-03-02T15:21:00Z,899-1-1-20,,device_not_recording
1709392920000,2024-03-02T15:22:00Z,899-1-1-20,,device_not_recording
1709392980000,2024-03-02T15:23:00Z,899-1-1-20,,device_not_recording
1709393040000,2024-03-02T15:24:00Z,899-1-1-20,,device_not_recording
1709393100000,2024-03-02T15:25:00Z,899-1-1-20,,device_not_recording
1709393160000,2024-03-02T15:26:00Z,899-1-1-20,,device_not_recording
1709393220000,2024-03-02T15:27:00Z,899-1-1-20,,device_not_recording
1709393280000,2024-03-02T15:28:00Z,899-1-1-20,,device_not_recording
1709393340000,2024-03-02T15:29:00Z,899-1-1-20,,device_not_recording
1709393400000,2024-03-02T15:30:00Z,899-1-1-20,,device_not_recording
1709393460000,2024-03-02T15:31:00Z,899-1-1-20,,device_not_recording
1709393520000,2024-03-02T15:32:00Z,899-1-1-20,,device_not_recording
1709393580000,2024-03-02T15:33:00Z,899-1-1-20,,device_not_recording
1709393640000,2024-03-02T15:34:00Z,899-1-1-20,,device_not_recording
1709393700000,2024-03-02T15:35:00Z,899-1-1-20,,device_not_recording
1709393760000,2024-03-02T15:36:00Z,899-1-1-20,,device_not_recording
1709393820000,2024-03-02T15:37:00Z,899-1-1-20,,device_not_recording
1709393880000,2024-03-02T15:38:00Z,899-1-1-20,,device_not_recording
1709393940000,2024-03-02T15:39:00Z,899-1-1-20,,device_not_recording
1709394000000,2024-03-02T15:40:00Z,899-1-1-20,,device_not_recording
1709394060000,2024-03-02T15:41:00Z,899-1-1-20,,device_not_recording
1709394120000,2024-03-02T15:42:00Z,899-1-1-20,,device_not_recording
1709394180000,2024-03-02T15:43:00Z,899-1-1-20,,device_not_recording
1709394240000,2024-03-02T15:44:00Z,899-1-1-20,,device_not_recording
1709394300000,2024-03-02T15:45:00Z,899-1-1-20,,device_not_recording
1709394360000,2024-03-02T15:46:00Z,899-1-1-20,,device_not_recording
1709394420000,2024-03-02T15:47:00Z,899-1-1-20,,device_not_recording
1709394480000,2024-03-02T15:48:00Z,899-1-1-20,,device_not_recording
1709394540000,2024-03-02T15:49:00Z,899-1-1-20,,device_not_recording
1709394600000,2024-03-02T15:50:00Z,899-1-1-20,,device_not_recording
1709394660000,2024-03-02T15:51:00Z,899-1-1-20,,device_not_recording
1709394720000,2024-03-02T15:52:00Z,899-1-1-20,,device_not_recording
1709394780000,2024-03-02T15:53:00Z,899-1-1-20,,device_not_recording
1709394840000,2024-03-02T15:54:00Z,899-1-1-20,,device_not_recording
1709394900000,2024-03-02T15:55:00Z,899-1-1-20,,device_not_recording
1709394960000,2024-03-02T15:56:00Z,899-1-1-20,,device_not_recording
1709395020000,2024-03-02T15:57:00Z,899-1-1-20,,device_not_recording
1709395080000,2024-03-02T15:58:00Z,899-1-1-20,,device_not_recording
1709395140000,2024-03-02T15:59:00Z,899-1-1-20,,device_not_recording
1709395200000,2024-03-02T16:00:00Z,899-1-1-20,,device_not_recording
1709395260000,2024-03-02T16:01:00Z,899-1-1-20,,device_not_recording
1709395320000,2024-03-02T16:02:00Z,899-1-1-20,,device_not_recording
1709395380000,2024-03-02T16:03:00Z,899-1-1-20,,device_not_recording
1709395440000,2024-03-02T16:04:00Z,899-1-1-20,,device_not_recording
1709395500000,2024-03-02T16:05:00Z,899-1-1-20,,device_not_recording
1709395560000,2024-03-02T16:06:00Z,899-1-1-20,,device_not_recording
1709395620000,2024-03-02T16:07:00Z,899-1-1-20,,device_not_recording
1709395680000,2024-03-02T16:08:00Z,899-1-1-20,,device_not_recording
1709395740000,2024-03-02T16:09:00Z,899-1-1-20,,device_not_recording
1709395800000,2024-03-02T16:10:00Z,899-1-1-20,,device_not_recording
1709395860000,2024-03-02T16:11:00Z,899-1-1-20,,device_not_recording
1709395920000,2024-03-02T16:12:00Z,899-1-1-20,,device_not_recording
1709395980000,2024-03-02T16:13:00Z,899-1-1-20,,device_not_recording
1709396040000,2024-03-02T16:14:00Z,899-1-1-20,,device_not_recording
1709396100000,2024-03-02T16:15:00Z,899-1-1-20,,device_not_recording
1709396160000,2024-03-02T16:16:00Z,899-1-1-20,,device_not_recording
1709396220000,2024-03-02T16:17:00Z,899-1-1-20,,device_not_recording
1709396280000,2024-03-02T16:18:00Z,899-1-1-20,,device_not_recording
1709396340000,2024-03-02T16:19:00Z,899-1-1-20,,device_not_recording
1709396400000,2024-03-02T16:20:00Z,899-1-1-20,,device_not_recording
1709396460000,2024-03-02T16:21:00Z,899-1-1-20,,device_not_recording
1709396520000,2024-03-02T16:22:00Z,899-1-1-20,,device_not_recording
1709396580000,2024-03-02T16:23:00Z,899-1-1-20,,device_not_recording
1709396640000,2024-03-02T16:24:00Z,899-1-1-20,,device_not_recording
1709396700000,2024-03-02T16:25:00Z,899-1-1-20,,device_not_recording
1709396760000,2024-03-02T16:26:00Z,899-1-1-20,,device_not_recording
1709396820000,2024-03-02T16:27:00Z,899-1-1-20,,device_not_recording
1709396880000,2024-03-02T16:28:00Z,899-1-1-20,,device_not_recording
1709396940000,2024-03-02T16:29:00Z,899-1-1-20,,device_not_recording
1709397000000,2024-03-02T16:30:00Z,899-1-1-20,,device_not_recording
1709397060000,2024-03-02T16:31:00Z,899-1-1-20,,device_not_recording
1709397120000,2024-03-02T16:32:00Z,899-1-1-20,,device_not_recording
1709397180000,2024-03-02T16:33:00Z,899-1-1-20,,device_not_recording
1709397240000,2024-03-02T16:34:00Z,899-1-1-20,,device_not_recording
1709397300000,2024-03-02T16:35:00Z,899-1-1-20,,device_not_recording
1709397360000,2024-03-02T16:36:00Z,899-1-1-20,,device_not_recording
1709397420000,2024-03-02T16:37:00Z,899-1-1-20,,device_not_recording
1709397480000,2024-03-02T16:38:00Z,899-1-1-20,,device_not_recording
1709397540000,2024-03-02T16:39:00Z,899-1-1-20,,device_not_recording
1709397600000,2024-03-02T16:40:00Z,899-1-1-20,,device_not_recording
1709397660000,2024-03-02T16:41:00Z,899-1-1-20,,device_not_recording
1709397720000,2024-03-02T16:42:00Z,899-1-1-20,,device_not_recording
1709397780000,2024-03-02T16:43:00Z,899-1-1-20,,device_not_recording
1709397840000,2024-03-02T16:44:00Z,899-1-1-20,,device_not_recording
1709397900000,2024-03-02T16:45:00Z,899-1-1-20,,device_not_recording
1709397960000,2024-03-02T16:46:00Z,899-1-1-20,,device_not_recording
1709398020000,2024-03-02T16:47:00Z,899-1-1-20,,device_not_recording
1709398080000,2024-03-02T16:48:00Z,899-1-1-20,,device_not_recording
1709398140000,2024-03-02T16:49:00Z,899-1-1-20,,device_not_recording
1709398200000,2024-03-02T16:50:00Z,899-1-1-20,,device_not_recording
1709398260000,2024-03-02T16:51:00Z,899-1-1-20,,device_not_recording
1709398320000,2024-03-02T16:52:00Z,899-1-1-20,,device_not_recording
1709398380000,2024-03-02T16:53:00Z,899-1-1-20,,device_not_recording
1709398440000,2024-03-02T16:54:00Z,899-1-1-20,,device_not_recording
1709398500000,2024-03-02T16:55:00Z,899-1-1-20,,device_not_recording
1709398560000,2024-03-02T16:56:00Z,899-1-1-20,,device_not_recording
1709398620000,2024-03-02T16:57:00Z,899-1-1-20,,device_not_recording
1709398680000,2024-03-02T16:58:00Z,899-1-1-20,,device_not_recording
1709398740000,2024-03-02T16:59:00Z,899-1-1-20,,device_not_recording
1709398800000,2024-03-02T17:00:00Z,899-1-1-20,,device_not_recording
1709398860000,2024-03-02T17:01:00Z,899-1-1-20,,device_not_recording
1709398920000,2024-03-02T17:02:00Z,899-1-1-20,,device_not_recording
1709398980000,2024-03-02T17:03:00Z,899-1-1-20,,device_not_recording
1709399040000,2024-03-02T17:04:00Z,899-1-1-20,,device_not_recording
1709399100000,2024-03-02T17:05:00Z,899-1-1-20,,device_not_recording
1709399160000,2024-03-02T17:06:00Z,899-1-1-20,,device_not_recording
1709399220000,2024-03-02T17:07:00Z,899-1-1-20,,device_not_recording
1709399280000,2024-03-02T17:08:00Z,899-1-1-20,,device_not_recording
1709399340000,2024-03-02T17:09:00Z,899-1-1-20,,device_not_recording
1709399400000,2024-03-02T17:10:00Z,899-1-1-20,,device_not_recording
1709399460000,2024-03-02T17:11:00Z,899-1-1-20,,device_not_recording
1709399520000,2024-03-02T17:12:00Z,899-1-1-20,,device_not_recording
1709399580000,2024-03-02T17:13:00Z,899-1-1-20,,device_not_recording
1709399640000,2024-03-02T17:14:00Z,899-1-1-20,,device_not_recording
1709399700000,2024-03-02T17:15:00Z,899-1-1-20,,device_not_recording
1709399760000,2024-03-02T17:16:00Z,899-1-1-20,,device_not_recording
1709399820000,2024-03-02T17:17:00Z,899-1-1-20,,device_not_recording
1709399880000,2024-03-02T17:18:00Z,899-1-1-20,,device_not_recording
1709399940000,2024-03-02T17:19:00Z,899-1-1-20,,device_not_recording
1709400000000,2024-03-02T17:20:00Z,899-1-1-20,,device_not_recording
1709400060000,2024-03-02T17:21:00Z,899-1-1-20,,device_not_recording
1709400120000,2024-03-02T17:22:00Z,899-1-1-20,,device_not_recording
1709400180000,2024-03-02T17:23:00Z,899-1-1-20,,device_not_recording
1709400240000,2024-03-02T17:24:00Z,899-1-1-20,,device_not_recording
1709400300000,2024-03-02T17:25:00Z,899-1-1-20,,device_not_recording
1709400360000,2024-03-02T17:26:00Z,899-1-1-20,,device_not_recording
1709400420000,2024-03-02T17:27:00Z,899-1-1-20,,device_not_recording
1709400480000,2024-03-02T17:28:00Z,899-1-1-20,,device_not_recording
1709400540000,2024-03-02T17:29:00Z,899-1-1-20,,device_not_recording
1709400600000,2024-03-02T17:30:00Z,899-1-1-20,,device_not_recording
1709400660000,2024-03-02T17:31:00Z,899-1-1-20,,device_not_recording
1709400720000,2024-03-02T17:32:00Z,899-1-1-20,,device_not_recording
1709400780000,2024-03-02T17:33:00Z,899-1-1-20,,device_not_recording
1709400840000,2024-03-02T17:34:00Z,899-1-1-20,,device_not_recording
1709400900000,2024-03-02T17:35:00Z,899-1-1-20,,device_not_recording
1709400960000,2024-03-02T17:36:00Z,899-1-1-20,,device_not_recording
1709401020000,2024-03-02T17:37:00Z,899-1-1-20,,device_not_recording
1709401080000,2024-03-02T17:38:00Z,899-1-1-20,,device_not_recording
1709401140000,2024-03-02T17:39:00Z,899-1-1-20,,device_not_recording
1709401200000,2024-03-02T17:40:00Z,899-1-1-20,,device_not_recording
1709401260000,2024-03-02T17:41:00Z,899-1-1-20,,device_not_recording
1709401320000,2024-03-02T17:42:00Z,899-1-1-20,,device_not_recording
1709401380000,2024-03-02T17:43:00Z,899-1-1-20,,device_not_recording
1709401440000,2024-03-02T17:44:00Z,899-1-1-20,,device_not_recording
1709401500000,2024-03-02T17:45:00Z,899-1-1-20,,device_not_recording
1709401560000,2024-03-02T17:46:00Z,899-1-1-20,,device_not_recording
1709401620000,2024-03-02T17:47:00Z,899-1-1-20,,device_not_recording
1709401680000,2024-03-02T17:48:00Z,899-1-1-20,,device_not_recording
1709401740000,2024-03-02T17:49:00Z,899-1-1-20,,device_not_recording
1709401800000,2024-03-02T17:50:00Z,899-1-1-20,,device_not_recording
1709401860000,2024-03-02T17:51:00Z,899-1-1-20,,device_not_recording
1709401920000,2024-03-02T17:52:00Z,899-1-1-20,,device_not_recording
1709401980000,2024-03-02T17:53:00Z,899-1-1-20,,device_not_recording
1709402040000,2024-03-02T17:54:00Z,899-1-1-20,,device_not_recording
1709402100000,2024-03-02T17:55:00Z,899-1-1-20,,device_not_recording
1709402160000,2024-03-02T17:56:00Z,899-1-1-20,,device_not_recording
1709402220000,2024-03-02T17:57:00Z,899-1-1-20,,device_not_recording
1709402280000,2024-03-02T17:58:00Z,899-1-1-20,,device_not_recording
1709402340000,2024-03-02T17:59:00Z,899-1-1-20,,device_not_recording
1709402400000,2024-03-02T18:00:00Z,899-1-1-20,,device_not_recording
1709402460000,2024-03-02T18:01:00Z,899-1-1-20,,device_not_recording
1709402520000,2024-03-02T18:02:00Z,899-1-1-20,,device_not_recording
1709402580000,2024-03-02T18:03:00Z,899-1-1-20,,device_not_recording
1709402640000,2024-03-02T18:04:00Z,899-1-1-20,,device_not_recording
1709402700000,2024-03-02T18:05:00Z,899-1-1-20,,device_not_recording
1709402760000,2024-03-02T18:06:00Z,899-1-1-20,,device_not_recording
1709402820000,2024-03-02T18:07:00Z,899-1-1-20,,device_not_recording
1709402880000,2024-03-02T18:08:00Z,899-1-1-20,,device_not_recording
1709402940000,2024-03-02T18:09:00Z,899-1-1-20,,device_not_recording
1709403000000,2024-03-02T18:10:00Z,899-1-1-20,,device_not_recording
1709403060000,2024-03-02T18:11:00Z,899-1-1-20,,device_not_recording
1709403120000,2024-03-02T18:12:00Z,899-1-1-20,,device_not_recording
1709403180000,2024-03-02T18:13:00Z,899-1-1-20,,device_not_recording
1709403240000,2024-03-02T18:14:00Z,899-1-1-20,,device_not_recording
1709403300000,2024-03-02T18:15:00Z,899-1-1-20,,device_not_recording
1709403360000,2024-03-02T18:16:00Z,899-1-1-20,,device_not_recording
1709403420000,2024-03-02T18:17:00Z,899-1-1-20,,device_not_recording
1709403480000,2024-03-02T18:18:00Z,899-1-1-20,,device_not_recording
1709403540000,2024-03-02T18:19:00Z,899-1-1-20,,device_not_recording
1709403600000,2024-03-02T18:20:00Z,899-1-1-20,,device_not_recording
1709403660000,2024-03-02T18:21:00Z,899-1-1-20,,device_not_recording
1709403720000,2024-03-02T18:22:00Z,899-1-1-20,,device_not_recording
1709403780000,2024-03-02T18:23:00Z,899-1-1-20,,device_not_recording
1709403840000,2024-03-02T18:24:00Z,899-1-1-20,,device_not_recording
1709403900000,2024-03-02T18:25:00Z,899-1-1-20,,device_not_recording
1709403960000,2024-03-02T18:26:00Z,899-1-1-20,,device_not_recording
1709404020000,2024-03-02T18:27:00Z,899-1-1-20,,device_not_recording
1709404080000,2024-03-02T18:28:00Z,899-1-1-20,,device_not_recording
1709404140000,2024-03-02T18:29:00Z,899-1-1-20,,device_not_recording
1709404200000,2024-03-02T18:30:00Z,899-1-1-20,,device_not_recording
1709404260000,2024-03-02T18:31:00Z,899-1-1-20,,device_not_recording
1709404320000,2024-03-02T18:32:00Z,899-1-1-20,,device_not_recording
1709404380000,2024-03-02T18:33:00Z,899-1-1-20,,device_not_recording
1709404440000,2024-03-02T18:34:00Z,899-1-1-20,,device_not_recording
1709404500000,2024-03-02T18:35:00Z,899-1-1-20,,device_not_recording
1709404560000,2024-03-02T18:36:00Z,899-1-1-20,,device_not_recording
1709404620000,2024-03-02T18:37:00Z,899-1-1-20,,device_not_recording
1709404680000,2024-03-02T18:38:00Z,899-1-1-20,,device_not_recording
1709404740000,2024-03-02T18:39:00Z,899-1-1-20,,device_not_recording
1709404800000,2024-03-02T18:40:00Z,899-1-1-20,,device_not_recording
1709404860000,2024-03-02T18:41:00Z,899-1-1-20,,device_not_recording
1709404920000,2024-03-02T18:42:00Z,899-1-1-20,,device_not_recording
1709404980000,2024-03-02T18:43:00Z,899-1-1-20,,device_not_recording
1709405040000,2024-03-02T18:44:00Z,899-1-1-20,,device_not_recording
1709405100000,2024-03-02T18:45:00Z,899-1-1-20,,device_not_recording
1709405160000,2024-03-02T18:46:00Z,899-1-1-20,,device_not_recording
1709405220000,2024-03-02T18:47:00Z,899-1-1-20,,device_not_recording
1709405280000,2024-03-02T18:48:00Z,899-1-1-20,,device_not_recording
1709405340000,2024-03-02T18:49:00Z,899-1-1-20,,device_not_recording
1709405400000,2024-03-02T18:50:00Z,899-1-1-20,,device_not_recording
1709405460000,2024-03-02T18:51:00Z,899-1-1-20,,device_not_recording
1709405520000,2024-03-02T18:52:00Z,899-1-1-20,,device_not_worn_correctly
1709405580000,2024-03-02T18:53:00Z,899-1-1-20,,device_not_worn_correctly
1709405640000,2024-03-02T18:54:00Z,899-1-1-20,,device_not_recording
1709405700000,2024-03-02T18:55:00Z,899-1-1-20,,device_not_recording
1709405760000,2024-03-02T18:56:00Z,899-1-1-20,,device_not_recording
1709405820000,2024-03-02T18:57:00Z,899-1-1-20,,device_not_recording
1709405880000,2024-03-02T18:58:00Z,899-1-1-20,,device_not_recording
1709405940000,2024-03-02T18:59:00Z,899-1-1-20,,device_not_recording
1709406000000,2024-03-02T19:00:00Z,899-1-1-20,,device_not_recording
1709406060000,2024-03-02T19:01:00Z,899-1-1-20,,device_not_recording
1709406120000,2024-03-02T19:02:00Z,899-1-1-20,,device_not_recording
1709406180000,2024-03-02T19:03:00Z,899-1-1-20,,device_not_recording
1709406240000,2024-03-02T19:04:00Z,899-1-1-20,,device_not_recording
1709406300000,2024-03-02T19:05:00Z,899-1-1-20,,device_not_recording
1709406360000,2024-03-02T19:06:00Z,899-1-1-20,,device_not_recording
1709406420000,2024-03-02T19:07:00Z,899-1-1-20,,device_not_recording
1709406480000,2024-03-02T19:08:00Z,899-1-1-20,,device_not_recording
1709406540000,2024-03-02T19:09:00Z,899-1-1-20,,device_not_recording
1709406600000,2024-03-02T19:10:00Z,899-1-1-20,,device_not_recording
1709406660000,2024-03-02T19:11:00Z,899-1-1-20,,device_not_recording
1709406720000,2024-03-02T19:12:00Z,899-1-1-20,,device_not_recording
1709406780000,2024-03-02T19:13:00Z,899-1-1-20,,device_not_recording
1709406840000,2024-03-02T19:14:00Z,899-1-1-20,,device_not_recording
1709406900000,2024-03-02T19:15:00Z,899-1-1-20,,device_not_recording
1709406960000,2024-03-02T19:16:00Z,899-1-1-20,,device_not_recording
1709407020000,2024-03-02T19:17:00Z,899-1-1-20,,device_not_recording
1709407080000,2024-03-02T19:18:00Z,899-1-1-20,,device_not_recording
1709407140000,2024-03-02T19:19:00Z,899-1-1-20,,device_not_recording
1709407200000,2024-03-02T19:20:00Z,899-1-1-20,,device_not_recording
1709407260000,2024-03-02T19:21:00Z,899-1-1-20,,device_not_recording
1709407320000,2024-03-02T19:22:00Z,899-1-1-20,,device_not_recording
1709407380000,2024-03-02T19:23:00Z,899-1-1-20,,device_not_recording
1709407440000,2024-03-02T19:24:00Z,899-1-1-20,,device_not_recording
1709407500000,2024-03-02T19:25:00Z,899-1-1-20,,device_not_recording
1709407560000,2024-03-02T19:26:00Z,899-1-1-20,,device_not_recording
1709407620000,2024-03-02T19:27:00Z,899-1-1-20,,device_not_recording
1709407680000,2024-03-02T19:28:00Z,899-1-1-20,,device_not_recording
1709407740000,2024-03-02T19:29:00Z,899-1-1-20,,device_not_recording
1709407800000,2024-03-02T19:30:00Z,899-1-1-20,,device_not_recording
1709407860000,2024-03-02T19:31:00Z,899-1-1-20,,device_not_recording
1709407920000,2024-03-02T19:32:00Z,899-1-1-20,,device_not_recording
1709407980000,2024-03-02T19:33:00Z,899-1-1-20,,device_not_recording
1709408040000,2024-03-02T19:34:00Z,899-1-1-20,,device_not_recording
1709408100000,2024-03-02T19:35:00Z,899-1-1-20,,device_not_recording
1709408160000,2024-03-02T19:36:00Z,899-1-1-20,,device_not_recording
1709408220000,2024-03-02T19:37:00Z,899-1-1-20,,device_not_recording
1709408280000,2024-03-02T19:38:00Z,899-1-1-20,,device_not_recording
1709408340000,2024-03-02T19:39:00Z,899-1-1-20,,device_not_recording
1709408400000,2024-03-02T19:40:00Z,899-1-1-20,0.209,
1709408460000,2024-03-02T19:41:00Z,899-1-1-20,0.055,
1709408520000,2024-03-02T19:42:00Z,899-1-1-20,,device_not_recording
1709408580000,2024-03-02T19:43:00Z,899-1-1-20,,device_not_recording
1709408640000,2024-03-02T19:44:00Z,899-1-1-20,,device_not_recording
1709408700000,2024-03-02T19:45:00Z,899-1-1-20,,device_not_recording
1709408760000,2024-03-02T19:46:00Z,899-1-1-20,,device_not_recording
1709408820000,2024-03-02T19:47:00Z,899-1-1-20,,device_not_recording
1709408880000,2024-03-02T19:48:00Z,899-1-1-20,,device_not_recording
1709408940000,2024-03-02T19:49:00Z,899-1-1-20,,device_not_recording
1709409000000,2024-03-02T19:50:00Z,899-1-1-20,,device_not_recording
1709409060000,2024-03-02T19:51:00Z,899-1-1-20,,device_not_recording
1709409120000,2024-03-02T19:52:00Z,899-1-1-20,,device_not_recording
1709409180000,2024-03-02T19:53:00Z,899-1-1-20,,device_not_recording
1709409240000,2024-03-02T19:54:00Z,899-1-1-20,,device_not_recording
1709409300000,2024-03-02T19:55:00Z,899-1-1-20,,device_not_recording
1709409360000,2024-03-02T19:56:00Z,899-1-1-20,,device_not_recording
1709409420000,2024-03-02T19:57:00Z,899-1-1-20,,device_not_recording
1709409480000,2024-03-02T19:58:00Z,899-1-1-20,,device_not_recording
1709409540000,2024-03-02T19:59:00Z,899-1-1-20,,device_not_recording
1709409600000,2024-03-02T20:00:00Z,899-1-1-20,,device_not_recording
1709409660000,2024-03-02T20:01:00Z,899-1-1-20,,device_not_recording
1709409720000,2024-03-02T20:02:00Z,899-1-1-20,,device_not_recording
1709409780000,2024-03-02T20:03:00Z,899-1-1-20,,device_not_recording
1709409840000,2024-03-02T20:04:00Z,899-1-1-20,,device_not_recording
1709409900000,2024-03-02T20:05:00Z,899-1-1-20,,device_not_recording
1709409960000,2024-03-02T20:06:00Z,899-1-1-20,,device_not_recording
1709410020000,2024-03-02T20:07:00Z,899-1-1-20,,device_not_recording
1709410080000,2024-03-02T20:08:00Z,899-1-1-20,,device_not_recording
1709410140000,2024-03-02T20:09:00Z,899-1-1-20,,device_not_recording
1709410200000,2024-03-02T20:10:00Z,899-1-1-20,,device_not_recording
1709410260000,2024-03-02T20:11:00Z,899-1-1-20,,device_not_recording
1709410320000,2024-03-02T20:12:00Z,899-1-1-20,,device_not_recording
1709410380000,2024-03-02T20:13:00Z,899-1-1-20,,device_not_recording
1709410440000,2024-03-02T20:14:00Z,899-1-1-20,,device_not_recording
1709410500000,2024-03-02T20:15:00Z,899-1-1-20,,device_not_recording
1709410560000,2024-03-02T20:16:00Z,899-1-1-20,,device_not_recording
1709410620000,2024-03-02T20:17:00Z,899-1-1-20,,device_not_recording
1709410680000,2024-03-02T20:18:00Z,899-1-1-20,,device_not_recording
1709410740000,2024-03-02T20:19:00Z,899-1-1-20,,device_not_recording
1709410800000,2024-03-02T20:20:00Z,899-1-1-20,,device_not_recording
1709410860000,2024-03-02T20:21:00Z,899-1-1-20,,device_not_recording
1709410920000,2024-03-02T20:22:00Z,899-1-1-20,,device_not_recording
1709410980000,2024-03-02T20:23:00Z,899-1-1-20,,device_not_recording
1709411040000,2024-03-02T20:24:00Z,899-1-1-20,,device_not_recording
1709411100000,2024-03-02T20:25:00Z,899-1-1-20,,device_not_recording
1709411160000,2024-03-02T20:26:00Z,899-1-1-20,,device_not_recording
1709411220000,2024-03-02T20:27:00Z,899-1-1-20,,device_not_recording
1709411280000,2024-03-02T20:28:00Z,899-1-1-20,,device_not_recording
1709411340000,2024-03-02T20:29:00Z,899-1-1-20,,device_not_recording
1709411400000,2024-03-02T20:30:00Z,899-1-1-20,,device_not_recording
1709411460000,2024-03-02T20:31:00Z,899-1-1-20,,device_not_recording
1709411520000,2024-03-02T20:32:00Z,899-1-1-20,,device_not_recording
1709411580000,2024-03-02T20:33:00Z,899-1-1-20,,device_not_recording
1709411640000,2024-03-02T20:34:00Z,899-1-1-20,,device_not_recording
1709411700000,2024-03-02T20:35:00Z,899-1-1-20,,device_not_recording
1709411760000,2024-03-02T20:36:00Z,899-1-1-20,,device_not_recording
1709411820000,2024-03-02T20:37:00Z,899-1-1-20,,device_not_recording
1709411880000,2024-03-02T20:38:00Z,899-1-1-20,,device_not_recording
1709411940000,2024-03-02T20:39:00Z,899-1-1-20,,device_not_recording
1709412000000,2024-03-02T20:40:00Z,899-1-1-20,,device_not_recording
1709412060000,2024-03-02T20:41:00Z,899-1-1-20,,device_not_recording
1709412120000,2024-03-02T20:42:00Z,899-1-1-20,,device_not_recording
1709412180000,2024-03-02T20:43:00Z,899-1-1-20,,device_not_recording
1709412240000,2024-03-02T20:44:00Z,899-1-1-20,,device_not_recording
1709412300000,2024-03-02T20:45:00Z,899-1-1-20,,device_not_recording
1709412360000,2024-03-02T20:46:00Z,899-1-1-20,,device_not_recording
1709412420000,2024-03-02T20:47:00Z,899-1-1-20,,device_not_recording
1709412480000,2024-03-02T20:48:00Z,899-1-1-20,,device_not_recording
1709412540000,2024-03-02T20:49:00Z,899-1-1-20,,device_not_recording
1709412600000,2024-03-02T20:50:00Z,899-1-1-20,,device_not_recording
1709412660000,2024-03-02T20:51:00Z,899-1-1-20,,device_not_recording
1709412720000,2024-03-02T20:52:00Z,899-1-1-20,,device_not_recording
1709412780000,2024-03-02T20:53:00Z,899-1-1-20,,device_not_recording
1709412840000,2024-03-02T20:54:00Z,899-1-1-20,,device_not_recording
1709412900000,2024-03-02T20:55:00Z,899-1-1-20,,device_not_recording
1709412960000,2024-03-02T20:56:00Z,899-1-1-20,,device_not_recording
1709413020000,2024-03-02T20:57:00Z,899-1-1-20,,device_not_recording
1709413080000,2024-03-02T20:58:00Z,899-1-1-20,,device_not_recording
1709413140000,2024-03-02T20:59:00Z,899-1-1-20,,device_not_recording
1709413200000,2024-03-02T21:00:00Z,899-1-1-20,,device_not_recording
1709413260000,2024-03-02T21:01:00Z,899-1-1-20,,device_not_recording
1709413320000,2024-03-02T21:02:00Z,899-1-1-20,,device_not_recording
1709413380000,2024-03-02T21:03:00Z,899-1-1-20,,device_not_recording
1709413440000,2024-03-02T21:04:00Z,899-1-1-20,,device_not_recording
1709413500000,2024-03-02T21:05:00Z,899-1-1-20,,device_not_recording
1709413560000,2024-03-02T21:06:00Z,899-1-1-20,,device_not_recording
1709413620000,2024-03-02T21:07:00Z,899-1-1-20,,device_not_recording
1709413680000,2024-03-02T21:08:00Z,899-1-1-20,,device_not_recording
1709413740000,2024-03-02T21:09:00Z,899-1-1-20,,device_not_recording
1709413800000,2024-03-02T21:10:00Z,899-1-1-20,,device_not_recording
1709413860000,2024-03-02T21:11:00Z,899-1-1-20,,device_not_recording
1709413920000,2024-03-02T21:12:00Z,899-1-1-20,,device_not_recording
1709413980000,2024-03-02T21:13:00Z,899-1-1-20,,device_not_recording
1709414040000,2024-03-02T21:14:00Z,899-1-1-20,,device_not_recording
1709414100000,2024-03-02T21:15:00Z,899-1-1-20,,device_not_recording
1709414160000,2024-03-02T21:16:00Z,899-1-1-20,,device_not_recording
1709414220000,2024-03-02T21:17:00Z,899-1-1-20,,device_not_recording
1709414280000,2024-03-02T21:18:00Z,899-1-1-20,,device_not_recording
1709414340000,2024-03-02T21:19:00Z,899-1-1-20,,device_not_recording
1709414400000,2024-03-02T21:20:00Z,899-1-1-20,,device_not_recording
1709414460000,2024-03-02T21:21:00Z,899-1-1-20,,device_not_recording
1709414520000,2024-03-02T21:22:00Z,899-1-1-20,,device_not_recording
1709414580000,2024-03-02T21:23:00Z,899-1-1-20,,device_not_recording
1709414640000,2024-03-02T21:24:00Z,899-1-1-20,,device_not_recording
1709414700000,2024-03-02T21:25:00Z,899-1-1-20,,device_not_recording
1709414760000,2024-03-02T21:26:00Z,899-1-1-20,,device_not_recording
1709414820000,2024-03-02T21:27:00Z,899-1-1-20,,device_not_recording
1709414880000,2024-03-02T21:28:00Z,899-1-1-20,,device_not_recording
1709414940000,2024-03-02T21:29:00Z,899-1-1-20,,device_not_recording
1709415000000,2024-03-02T21:30:00Z,899-1-1-20,,device_not_recording
1709415060000,2024-03-02T21:31:00Z,899-1-1-20,,device_not_recording
1709415120000,2024-03-02T21:32:00Z,899-1-1-20,,device_not_recording
1709415180000,2024-03-02T21:33:00Z,899-1-1-20,,device_not_recording
1709415240000,2024-03-02T21:34:00Z,899-1-1-20,,device_not_recording
1709415300000,2024-03-02T21:35:00Z,899-1-1-20,,device_not_recording
1709415360000,2024-03-02T21:36:00Z,899-1-1-20,,device_not_recording
1709415420000,2024-03-02T21:37:00Z,899-1-1-20,,device_not_recording
1709415480000,2024-03-02T21:38:00Z,899-1-1-20,,device_not_recording
1709415540000,2024-03-02T21:39:00Z,899-1-1-20,,device_not_recording
1709415600000,2024-03-02T21:40:00Z,899-1-1-20,,device_not_recording
1709415660000,2024-03-02T21:41:00Z,899-1-1-20,,device_not_recording
1709415720000,2024-03-02T21:42:00Z,899-1-1-20,,device_not_recording
1709415780000,2024-03-02T21:43:00Z,899-1-1-20,,device_not_recording
1709415840000,2024-03-02T21:44:00Z,899-1-1-20,,device_not_recording
1709415900000,2024-03-02T21:45:00Z,899-1-1-20,,device_not_recording
1709415960000,2024-03-02T21:46:00Z,899-1-1-20,,device_not_recording
1709416020000,2024-03-02T21:47:00Z,899-1-1-20,,device_not_recording
1709416080000,2024-03-02T21:48:00Z,899-1-1-20,,device_not_recording
1709416140000,2024-03-02T21:49:00Z,899-1-1-20,,device_not_recording
1709416200000,2024-03-02T21:50:00Z,899-1-1-20,,device_not_recording
1709416260000,2024-03-02T21:51:00Z,899-1-1-20,,device_not_recording
1709416320000,2024-03-02T21:52:00Z,899-1-1-20,,device_not_recording
1709416380000,2024-03-02T21:53:00Z,899-1-1-20,,device_not_recording
1709416440000,2024-03-02T21:54:00Z,899-1-1-20,,device_not_recording
1709416500000,2024-03-02T21:55:00Z,899-1-1-20,,device_not_recording
1709416560000,2024-03-02T21:56:00Z,899-1-1-20,,device_not_recording
1709416620000,2024-03-02T21:57:00Z,899-1-1-20,,device_not_recording
1709416680000,2024-03-02T21:58:00Z,899-1-1-20,,device_not_recording
1709416740000,2024-03-02T21:59:00Z,899-1-1-20,,device_not_recording
1709416800000,2024-03-02T22:00:00Z,899-1-1-20,,device_not_recording
1709416860000,2024-03-02T22:01:00Z,899-1-1-20,,device_not_recording
1709416920000,2024-03-02T22:02:00Z,899-1-1-20,,device_not_recording
1709416980000,2024-03-02T22:03:00Z,899-1-1-20,,device_not_recording
1709417040000,2024-03-02T22:04:00Z,899-1-1-20,,device_not_recording
1709417100000,2024-03-02T22:05:00Z,899-1-1-20,,device_not_recording
1709417160000,2024-03-02T22:06:00Z,899-1-1-20,,device_not_recording
1709417220000,2024-03-02T22:07:00Z,899-1-1-20,,device_not_recording
1709417280000,2024-03-02T22:08:00Z,899-1-1-20,,device_not_recording
1709417340000,2024-03-02T22:09:00Z,899-1-1-20,,device_not_recording
1709417400000,2024-03-02T22:10:00Z,899-1-1-20,,device_not_recording
1709417460000,2024-03-02T22:11:00Z,899-1-1-20,,device_not_recording
1709417520000,2024-03-02T22:12:00Z,899-1-1-20,,device_not_recording
1709417580000,2024-03-02T22:13:00Z,899-1-1-20,,device_not_recording
1709417640000,2024-03-02T22:14:00Z,899-1-1-20,,device_not_recording
1709417700000,2024-03-02T22:15:00Z,899-1-1-20,,device_not_recording
1709417760000,2024-03-02T22:16:00Z,899-1-1-20,,device_not_recording
1709417820000,2024-03-02T22:17:00Z,899-1-1-20,,device_not_recording
1709417880000,2024-03-02T22:18:00Z,899-1-1-20,,device_not_recording
1709417940000,2024-03-02T22:19:00Z,899-1-1-20,,device_not_recording
1709418000000,2024-03-02T22:20:00Z,899-1-1-20,,device_not_recording
1709418060000,2024-03-02T22:21:00Z,899-1-1-20,,device_not_recording
1709418120000,2024-03-02T22:22:00Z,899-1-1-20,,device_not_recording
1709418180000,2024-03-02T22:23:00Z,899-1-1-20,,device_not_recording
1709418240000,2024-03-02T22:24:00Z,899-1-1-20,,device_not_recording
1709418300000,2024-03-02T22:25:00Z,899-1-1-20,,device_not_recording
1709418360000,2024-03-02T22:26:00Z,899-1-1-20,,device_not_recording
1709418420000,2024-03-02T22:27:00Z,899-1-1-20,,device_not_recording
1709418480000,2024-03-02T22:28:00Z,899-1-1-20,,device_not_recording
1709418540000,2024-03-02T22:29:00Z,899-1-1-20,,device_not_recording
1709418600000,2024-03-02T22:30:00Z,899-1-1-20,,device_not_recording
1709418660000,2024-03-02T22:31:00Z,899-1-1-20,,device_not_recording
1709418720000,2024-03-02T22:32:00Z,899-1-1-20,,device_not_recording
1709418780000,2024-03-02T22:33:00Z,899-1-1-20,,device_not_recording
1709418840000,2024-03-02T22:34:00Z,899-1-1-20,,device_not_recording
1709418900000,2024-03-02T22:35:00Z,899-1-1-20,,device_not_recording
1709418960000,2024-03-02T22:36:00Z,899-1-1-20,,device_not_recording
1709419020000,2024-03-02T22:37:00Z,899-1-1-20,,device_not_recording
1709419080000,2024-03-02T22:38:00Z,899-1-1-20,,device_not_recording
1709419140000,2024-03-02T22:39:00Z,899-1-1-20,,device_not_recording
1709419200000,2024-03-02T22:40:00Z,899-1-1-20,,device_not_recording
1709419260000,2024-03-02T22:41:00Z,899-1-1-20,,device_not_recording
1709419320000,2024-03-02T22:42:00Z,899-1-1-20,,device_not_recording
1709419380000,2024-03-02T22:43:00Z,899-1-1-20,,device_not_recording
1709419440000,2024-03-02T22:44:00Z,899-1-1-20,,device_not_recording
1709419500000,2024-03-02T22:45:00Z,899-1-1-20,,device_not_recording
1709419560000,2024-03-02T22:46:00Z,899-1-1-20,,device_not_recording
1709419620000,2024-03-02T22:47:00Z,899-1-1-20,,device_not_recording
1709419680000,2024-03-02T22:48:00Z,899-1-1-20,,device_not_recording
1709419740000,2024-03-02T22:49:00Z,899-1-1-20,,device_not_recording
1709419800000,2024-03-02T22:50:00Z,899-1-1-20,,device_not_recording
1709419860000,2024-03-02T22:51:00Z,899-1-1-20,,device_not_recording
1709419920000,2024-03-02T22:52:00Z,899-1-1-20,,device_not_recording
1709419980000,2024-03-02T22:53:00Z,899-1-1-20,,device_not_recording
1709420040000,2024-03-02T22:54:00Z,899-1-1-20,,device_not_recording
1709420100000,2024-03-02T22:55:00Z,899-1-1-20,,device_not_recording
1709420160000,2024-03-02T22:56:00Z,899-1-1-20,,device_not_recording
1709420220000,2024-03-02T22:57:00Z,899-1-1-20,,device_not_recording
1709420280000,2024-03-02T22:58:00Z,899-1-1-20,,device_not_recording
1709420340000,2024-03-02T22:59:00Z,899-1-1-20,,device_not_recording
1709420400000,2024-03-02T23:00:00Z,899-1-1-20,,device_not_recording
1709420460000,2024-03-02T23:01:00Z,899-1-1-20,,device_not_recording
1709420520000,2024-03-02T23:02:00Z,899-1-1-20,,device_not_recording
1709420580000,2024-03-02T23:03:00Z,899-1-1-20,,device_not_recording
1709420640000,2024-03-02T23:04:00Z,899-1-1-20,,device_not_recording
1709420700000,2024-03-02T23:05:00Z,899-1-1-20,,device_not_recording
1709420760000,2024-03-02T23:06:00Z,899-1-1-20,,device_not_recording
1709420820000,2024-03-02T23:07:00Z,899-1-1-20,,device_not_recording
1709420880000,2024-03-02T23:08:00Z,899-1-1-20,,device_not_recording
1709420940000,2024-03-02T23:09:00Z,899-1-1-20,,device_not_recording
1709421000000,2024-03-02T23:10:00Z,899-1-1-20,,device_not_recording
1709421060000,2024-03-02T23:11:00Z,899-1-1-20,,device_not_recording
1709421120000,2024-03-02T23:12:00Z,899-1-1-20,,device_not_recording
1709421180000,2024-03-02T23:13:00Z,899-1-1-20,,device_not_recording
1709421240000,2024-03-02T23:14:00Z,899-1-1-20,,device_not_recording
1709421300000,2024-03-02T23:15:00Z,899-1-1-20,,device_not_recording
1709421360000,2024-03-02T23:16:00Z,899-1-1-20,,device_not_recording
1709421420000,2024-03-02T23:17:00Z,899-1-1-20,,device_not_recording
1709421480000,2024-03-02T23:18:00Z,899-1-1-20,,device_not_recording
1709421540000,2024-03-02T23:19:00Z,899-1-1-20,,device_not_recording
1709421600000,2024-03-02T23:20:00Z,899-1-1-20,,device_not_recording
1709421660000,2024-03-02T23:21:00Z,899-1-1-20,,device_not_recording
1709421720000,2024-03-02T23:22:00Z,899-1-1-20,,device_not_recording
1709421780000,2024-03-02T23:23:00Z,899-1-1-20,,device_not_recording
1709421840000,2024-03-02T23:24:00Z,899-1-1-20,,device_not_recording
1709421900000,2024-03-02T23:25:00Z,899-1-1-20,,device_not_recording
1709421960000,2024-03-02T23:26:00Z,899-1-1-20,,device_not_recording
1709422020000,2024-03-02T23:27:00Z,899-1-1-20,,device_not_recording
1709422080000,2024-03-02T23:28:00Z,899-1-1-20,,device_not_recording
1709422140000,2024-03-02T23:29:00Z,899-1-1-20,,device_not_recording
1709422200000,2024-03-02T23:30:00Z,899-1-1-20,,device_not_recording
1709422260000,2024-03-02T23:31:00Z,899-1-1-20,,device_not_recording
1709422320000,2024-03-02T23:32:00Z,899-1-1-20,,device_not_recording
1709422380000,2024-03-02T23:33:00Z,899-1-1-20,,device_not_recording
1709422440000,2024-03-02T23:34:00Z,899-1-1-20,,device_not_recording
1709422500000,2024-03-02T23:35:00Z,899-1-1-20,,device_not_recording
1709422560000,2024-03-02T23:36:00Z,899-1-1-20,,device_not_recording
1709422620000,2024-03-02T23:37:00Z,899-1-1-20,,device_not_recording
1709422680000,2024-03-02T23:38:00Z,899-1-1-20,,device_not_recording
1709422740000,2024-03-02T23:39:00Z,899-1-1-20,,device_not_recording
1709422800000,2024-03-02T23:40:00Z,899-1-1-20,,device_not_recording
1709422860000,2024-03-02T23:41:00Z,899-1-1-20,,device_not_recording
1709422920000,2024-03-02T23:42:00Z,899-1-1-20,,device_not_recording
1709422980000,2024-03-02T23:43:00Z,899-1-1-20,,device_not_recording
1709423040000,2024-03-02T23:44:00Z,899-1-1-20,,device_not_recording
1709423100000,2024-03-02T23:45:00Z,899-1-1-20,,device_not_recording
1709423160000,2024-03-02T23:46:00Z,899-1-1-20,,device_not_recording
1709423220000,2024-03-02T23:47:00Z,899-1-1-20,,device_not_recording
1709423280000,2024-03-02T23:48:00Z,899-1-1-20,,device_not_recording
1709423340000,2024-03-02T23:49:00Z,899-1-1-20,,device_not_recording
1709423400000,2024-03-02T23:50:00Z,899-1-1-20,,device_not_recording
1709423460000,2024-03-02T23:51:00Z,899-1-1-20,,device_not_recording
1709423520000,2024-03-02T23:52:00Z,899-1-1-20,,device_not_recording
1709423580000,2024-03-02T23:53:00Z,899-1-1-20,,device_not_recording
1709423640000,2024-03-02T23:54:00Z,899-1-1-20,,device_not_recording
1709423700000,2024-03-02T23:55:00Z,899-1-1-20,,device_not_recording
1709423760000,2024-03-02T23:56:00Z,899-1-1-20,,device_not_recording
1709423820000,2024-03-02T23:57:00Z,899-1-1-20,,device_not_recording
1709423880000,2024-03-02T23:58:00Z,899-1-1-20,,device_not_recording
1709423940000,2024-03-02T23:59:00Z,899-1-1-20,,device_not_recording
