timestamp_unix,timestamp_iso,participant_full_id,accelerometers_std_g,missing_value_reason
1709596800000,2024-03-05T00:00:00Z,899-1-1-09,,device_not_recording
1709596860000,2024-03-05T00:01:00Z,899-1-1-09,,device_not_recording
1709596920000,2024-03-05T00:02:00Z,899-1-1-09,,device_not_recording
1709596980000,2024-03-05T00:03:00Z,899-1-1-09,,device_not_recording
1709597040000,2024-03-05T00:04:00Z,899-1-1-09,,device_not_recording
1709597100000,2024-03-05T00:05:00Z,899-1-1-09,,device_not_recording
1709597160000,2024-03-05T00:06:00Z,899-1-1-09,,device_not_recording
1709597220000,2024-03-05T00:07:00Z,899-1-1-09,,device_not_recording
1709597280000,2024-03-05T00:08:00Z,899-1-1-09,,device_not_recording
1709597340000,2024-03-05T00:09:00Z,899-1-1-09,,device_not_recording
1709597400000,2024-03-05T00:10:00Z,899-1-1-09,,device_not_recording
1709597460000,2024-03-05T00:11:00Z,899-1-1-09,,device_not_recording
1709597520000,2024-03-05T00:12:00Z,899-1-1-09,,device_not_recording
1709597580000,2024-03-05T00:13:00Z,899-1-1-09,,device_not_recording
1709597640000,2024-03-05T00:14:00Z,899-1-1-09,,device_not_recording
1709597700000,2024-03-05T00:15:00Z,899-1-1-09,,device_not_recording
1709597760000,2024-03-05T00:16:00Z,899-1-1-09,,device_not_recording
1709597820000,2024-03-05T00:17:00Z,899-1-1-09,,device_not_recording
1709597880000,2024-03-05T00:18:00Z,899-1-1-09,,device_not_recording
1709597940000,2024-03-05T00:19:00Z,899-1-1-09,,device_not_recording
1709598000000,2024-03-05T00:20:00Z,899-1-1-09,,device_not_recording
1709598060000,2024-03-05T00:21:00Z,899-1-1-09,,device_not_recording
1709598120000,2024-03-05T00:22:00Z,899-1-1-09,,device_not_recording
1709598180000,2024-03-05T00:23:00Z,899-1-1-09,,device_not_recording
1709598240000,2024-03-05T00:24:00Z,899-1-1-09,,device_not_recording
1709598300000,2024-03-05T00:25:00Z,899-1-1-09,,device_not_recording
1709598360000,2024-03-05T00:26:00Z,899-1-1-09,,device_not_recording
1709598420000,2024-03-05T00:27:00Z,899-1-1-09,,device_not_recording
1709598480000,2024-03-05T00:28:00Z,899-1-1-09,,device_not_recording
1709598540000,2024-03-05T00:29:00Z,899-1-1-09,,device_not_recording
1709598600000,2024-03-05T00:30:00Z,899-1-1-09,,device_not_recording
1709598660000,2024-03-05T00:31:00Z,899-1-1-09,,device_not_recording
1709598720000,2024-03-05T00:32:00Z,899-1-1-09,,device_not_recording
1709598780000,2024-03-05T00:33:00Z,899-1-1-09,,device_not_recording
1709598840000,2024-03-05T00:34:00Z,899-1-1-09,,device_not_recording
1709598900000,2024-03-05T00:35:00Z,899-1-1-09,,device_not_recording
1709598960000,2024-03-05T00:36:00Z,899-1-1-09,,device_not_recording
1709599020000,2024-03-05T00:37:00Z,899-1-1-09,,device_not_recording
1709599080000,2024-03-05T00:38:00Z,899-1-1-09,,device_not_recording
1709599140000,2024-03-05T00:39:00Z,899-1-1-09,,device_not_recording
1709599200000,2024-03-05T00:40:00Z,899-1-1-09,,device_not_recording
1709599260000,2024-03-05T00:41:00Z,899-1-1-09,,device_not_recording
1709599320000,2024-03-05T00:42:00Z,899-1-1-09,,device_not_recording
1709599380000,2024-03-05T00:43:00Z,899-1-1-09,,device_not_recording
1709599440000,2024-03-05T00:44:00Z,899-1-1-09,,device_not_recording
1709599500000,2024-03-05T00:45:00Z,899-1-1-09,,device_not_recording
1709599560000,2024-03-05T00:46:00Z,899-1-1-09,,device_not_recording
1709599620000,2024-03-05T00:47:00Z,899-1-1-09,,device_not_recording
1709599680000,2024-03-05T00:48:00Z,899-1-1-09,,device_not_recording
1709599740000,2024-03-05T00:49:00Z,899-1-1-09,,device_not_recording
1709599800000,2024-03-05T00:50:00Z,899-1-1-09,,device_not_recording
1709599860000,2024-03-05T00:51:00Z,899-1-1-09,,device_not_recording
1709599920000,2024-03-05T00:52:00Z,899-1-1-09,,device_not_recording
1709599980000,2024-03-05T00:53:00Z,899-1-1-09,,device_not_recording
1709600040000,2024-03-05T00:54:00Z,899-1-1-09,,device_not_recording
1709600100000,2024-03-05T00:55:00Z,899-1-1-09,,device_not_recording
1709600160000,2024-03-05T00:56:00Z,899-1-1-09,,device_not_recording
1709600220000,2024-03-05T00:57:00Z,899-1-1-09,,device_not_recording
1709600280000,2024-03-05T00:58:00Z,899-1-1-09,,device_not_recording
1709600340000,2024-03-05T00:59:00Z,899-1-1-09,,device_not_recording
1709600400000,2024-03-05T01:00:00Z,899-1-1-09,,device_not_recording
1709600460000,2024-03-05T01:01:00Z,899-1-1-09,,device_not_recording
1709600520000,2024-03-05T01:02:00Z,899-1-1-09,,device_not_recording
1709600580000,2024-03-05T01:03:00Z,899-1-1-09,,device_not_recording
1709600640000,2024-03-05T01:04:00Z,899-1-1-09,,device_not_recording
1709600700000,2024-03-05T01:05:00Z,899-1-1-09,,device_not_recording
1709600760000,2024-03-05T01:06:00Z,899-1-1-09,,device_not_recording
1709600820000,2024-03-05T01:07:00Z,899-1-1-09,,device_not_recording
1709600880000,2024-03-05T01:08:00Z,899-1-1-09,,device_not_recording
1709600940000,2024-03-05T01:09:00Z,899-1-1-09,,device_not_recording
1709601000000,2024-03-05T01:10:00Z,899-1-1-09,,device_not_recording
1709601060000,2024-03-05T01:11:00Z,899-1-1-09,,device_not_recording
1709601120000,2024-03-05T01:12:00Z,899-1-1-09,,device_not_recording
1709601180000,2024-03-05T01:13:00Z,899-1-1-09,,device_not_recording
1709601240000,2024-03-05T01:14:00Z,899-1-1-09,,device_not_recording
1709601300000,2024-03-05T01:15:00Z,899-1-1-09,,device_not_recording
1709601360000,2024-03-05T01:16:00Z,899-1-1-09,,device_not_recording
1709601420000,2024-03-05T01:17:00Z,899-1-1-09,,device_not_recording
1709601480000,2024-03-05T01:18:00Z,899-1-1-09,,device_not_recording
1709601540000,2024-03-05T01:19:00Z,899-1-1-09,,device_not_recording
1709601600000,2024-03-05T01:20:00Z,899-1-1-09,,device_not_recording
1709601660000,2024-03-05T01:21:00Z,899-1-1-09,,device_not_recording
1709601720000,2024-03-05T01:22:00Z,899-1-1-09,,device_not_recording
1709601780000,2024-03-05T01:23:00Z,899-1-1-09,,device_not_recording
1709601840000,2024-03-05T01:24:00Z,899-1-1-09,,device_not_recording
1709601900000,2024-03-05T01:25:00Z,899-1-1-09,,device_not_recording
1709601960000,2024-03-05T01:26:00Z,899-1-1-09,,device_not_recording
1709602020000,2024-03-05T01:27:00Z,899-1-1-09,,device_not_recording
1709602080000,2024-03-05T01:28:00Z,899-1-1-09,,device_not_recording
1709602140000,2024-03-05T01:29:00Z,899-1-1-09,,device_not_recording
1709602200000,2024-03-05T01:30:00Z,899-1-1-09,,device_not_recording
1709602260000,2024-03-05T01:31:00Z,899-1-1-09,,device_not_recording
1709602320000,2024-03-05T01:32:00Z,899-1-1-09,,device_not_recording
1709602380000,2024-03-05T01:33:00Z,899-1-1-09,,device_not_recording
1709602440000,2024-03-05T01:34:00Z,899-1-1-09,,device_not_recording
1709602500000,2024-03-05T01:35:00Z,899-1-1-09,,device_not_recording
1709602560000,2024-03-05T01:36:00Z,899-1-1-09,,device_not_recording
1709602620000,2024-03-05T01:37:00Z,899-1-1-09,,device_not_recording
1709602680000,2024-03-05T01:38:00Z,899-1-1-09,,device_not_recording
1709602740000,2024-03-05T01:39:00Z,899-1-1-09,,device_not_recording
1709602800000,2024-03-05T01:40:00Z,899-1-1-09,,device_not_recording
1709602860000,2024-03-05T01:41:00Z,899-1-1-09,,device_not_recording
1709602920000,2024-03-05T01:42:00Z,899-1-1-09,,device_not_recording
1709602980000,2024-03-05T01:43:00Z,899-1-1-09,,device_not_recording
1709603040000,2024-03-05T01:44:00Z,899-1-1-09,,device_not_recording
1709603100000,2024-03-05T01:45:00Z,899-1-1-09,,device_not_recording
1709603160000,2024-03-05T01:46:00Z,899-1-1-09,,device_not_recording
1709603220000,2024-03-05T01:47:00Z,899-1-1-09,,device_not_recording
1709603280000,2024-03-05T01:48:00Z,899-1-1-09,,device_not_recording
1709603340000,2024-03-05T01:49:00Z,899-1-1-09,,device_not_recording
1709603400000,2024-03-05T01:50:00Z,899-1-1-09,,device_not_recording
1709603460000,2024-03-05T01:51:00Z,899-1-1-09,,device_not_recording
1709603520000,2024-03-05T01:52:00Z,899-1-1-09,,device_not_recording
1709603580000,2024-03-05T01:53:00Z,899-1-1-09,,device_not_recording
1709603640000,2024-03-05T01:54:00Z,899-1-1-09,,device_not_recording
1709603700000,2024-03-05T01:55:00Z,899-1-1-09,,device_not_recording
1709603760000,2024-03-05T01:56:00Z,899-1-1-09,,device_not_recording
1709603820000,2024-03-05T01:57:00Z,899-1-1-09,,device_not_recording
1709603880000,2024-03-05T01:58:00Z,899-1-1-09,,device_not_recording
1709603940000,2024-03-05T01:59:00Z,899-1-1-09,,device_not_recording
1709604000000,2024-03-05T02:00:00Z,899-1-1-09,,device_not_recording
1709604060000,2024-03-05T02:01:00Z,899-1-1-09,,device_not_recording
1709604120000,2024-03-05T02:02:00Z,899-1-1-09,,device_not_recording
1709604180000,2024-03-05T02:03:00Z,899-1-1-09,,device_not_recording
1709604240000,2024-03-05T02:04:00Z,899-1-1-09,,device_not_recording
1709604300000,2024-03-05T02:05:00Z,899-1-1-09,,device_not_recording
1709604360000,2024-03-05T02:06:00Z,899-1-1-09,,device_not_recording
1709604420000,2024-03-05T02:07:00Z,899-1-1-09,,device_not_recording
1709604480000,2024-03-05T02:08:00Z,899-1-1-09,,device_not_recording
1709604540000,2024-03-05T02:09:00Z,899-1-1-09,,device_not_recording
1709604600000,2024-03-05T02:10:00Z,899-1-1-09,,device_not_recording
1709604660000,2024-03-05T02:11:00Z,899-1-1-09,,device_not_recording
1709604720000,2024-03-05T02:12:00Z,899-1-1-09,,device_not_recording
1709604780000,2024-03-05T02:13:00Z,899-1-1-09,,device_not_recording
1709604840000,2024-03-05T02:14:00Z,899-1-1-09,,device_not_recording
1709604900000,2024-03-05T02:15:00Z,899-1-1-09,,device_not_recording
1709604960000,2024-03-05T02:16:00Z,899-1-1-09,,device_not_recording
1709605020000,2024-03-05T02:17:00Z,899-1-1-09,,device_not_recording
1709605080000,2024-03-05T02:18:00Z,899-1-1-09,,device_not_recording
1709605140000,2024-03-05T02:19:00Z,899-1-1-09,,device_not_recording
1709605200000,2024-03-05T02:20:00Z,899-1-1-09,,device_not_recording
1709605260000,2024-03-05T02:21:00Z,899-1-1-09,,device_not_recording
1709605320000,2024-03-05T02:22:00Z,899-1-1-09,,device_not_recording
1709605380000,2024-03-05T02:23:00Z,899-1-1-09,,device_not_recording
1709605440000,2024-03-05T02:24:00Z,899-1-1-09,,device_not_recording
1709605500000,2024-03-05T02:25:00Z,899-1-1-09,,device_not_recording
1709605560000,2024-03-05T02:26:00Z,899-1-1-09,,device_not_recording
1709605620000,2024-03-05T02:27:00Z,899-1-1-09,,device_not_recording
1709605680000,2024-03-05T02:28:00Z,899-1-1-09,,device_not_recording
1709605740000,2024-03-05T02:29:00Z,899-1-1-09,,device_not_recording
1709605800000,2024-03-05T02:30:00Z,899-1-1-09,,device_not_recording
1709605860000,2024-03-05T02:31:00Z,899-1-1-09,,device_not_recording
1709605920000,2024-03-05T02:32:00Z,899-1-1-09,,device_not_recording
1709605980000,2024-03-05T02:33:00Z,899-1-1-09,,device_not_recording
1709606040000,2024-03-05T02:34:00Z,899-1-1-09,,device_not_recording
1709606100000,2024-03-05T02:35:00Z,899-1-1-09,,device_not_recording
1709606160000,2024-03-05T02:36:00Z,899-1-1-09,,device_not_recording
1709606220000,2024-03-05T02:37:00Z,899-1-1-09,,device_not_recording
1709606280000,2024-03-05T02:38:00Z,899-1-1-09,,device_not_recording
1709606340000,2024-03-05T02:39:00Z,899-1-1-09,,device_not_recording
1709606400000,2024-03-05T02:40:00Z,899-1-1-09,,device_not_recording
1709606460000,2024-03-05T02:41:00Z,899-1-1-09,,device_not_recording
1709606520000,2024-03-05T02:42:00Z,899-1-1-09,,device_not_recording
1709606580000,2024-03-05T02:43:00Z,899-1-1-09,,device_not_recording
1709606640000,2024-03-05T02:44:00Z,899-1-1-09,,device_not_recording
1709606700000,2024-03-05T02:45:00Z,899-1-1-09,,device_not_recording
1709606760000,2024-03-05T02:46:00Z,899-1-1-09,,device_not_recording
1709606820000,2024-03-05T02:47:00Z,899-1-1-09,,device_not_recording
1709606880000,2024-03-05T02:48:00Z,899-1-1-09,,device_not_recording
1709606940000,2024-03-05T02:49:00Z,899-1-1-09,,device_not_recording
1709607000000,2024-03-05T02:50:00Z,899-1-1-09,,device_not_recording
1709607060000,2024-03-05T02:51:00Z,899-1-1-09,,device_not_recording
1709607120000,2024-03-05T02:52:00Z,899-1-1-09,,device_not_recording
1709607180000,2024-03-05T02:53:00Z,899-1-1-09,,device_not_recording
1709607240000,2024-03-05T02:54:00Z,899-1-1-09,,device_not_recording
1709607300000,2024-03-05T02:55:00Z,899-1-1-09,,device_not_recording
1709607360000,2024-03-05T02:56:00Z,899-1-1-09,,device_not_recording
1709607420000,2024-03-05T02:57:00Z,899-1-1-09,,device_not_recording
1709607480000,2024-03-05T02:58:00Z,899-1-1-09,,device_not_recording
1709607540000,2024-03-05T02:59:00Z,899-1-1-09,,device_not_recording
1709607600000,2024-03-05T03:00:00Z,899-1-1-09,,device_not_recording
1709607660000,2024-03-05T03:01:00Z,899-1-1-09,,device_not_recording
1709607720000,2024-03-05T03:02:00Z,899-1-1-09,,device_not_recording
1709607780000,2024-03-05T03:03:00Z,899-1-1-09,,device_not_recording
1709607840000,2024-03-05T03:04:00Z,899-1-1-09,,device_not_recording
1709607900000,2024-03-05T03:05:00Z,899-1-1-09,,device_not_recording
1709607960000,2024-03-05T03:06:00Z,899-1-1-09,,device_not_recording
1709608020000,2024-03-05T03:07:00Z,899-1-1-09,,device_not_recording
1709608080000,2024-03-05T03:08:00Z,899-1-1-09,,device_not_recording
1709608140000,2024-03-05T03:09:00Z,899-1-1-09,,device_not_recording
1709608200000,2024-03-05T03:10:00Z,899-1-1-09,,device_not_recording
1709608260000,2024-03-05T03:11:00Z,899-1-1-09,,device_not_recording
1709608320000,2024-03-05T03:12:00Z,899-1-1-09,,device_not_recording
1709608380000,2024-03-05T03:13:00Z,899-1-1-09,,device_not_recording
1709608440000,2024-03-05T03:14:00Z,899-1-1-09,,device_not_recording
1709608500000,2024-03-05T03:15:00Z,899-1-1-09,,device_not_recording
1709608560000,2024-03-05T03:16:00Z,899-1-1-09,,device_not_recording
1709608620000,2024-03-05T03:17:00Z,899-1-1-09,,device_not_recording
1709608680000,2024-03-05T03:18:00Z,899-1-1-09,,device_not_recording
1709608740000,2024-03-05T03:19:00Z,899-1-1-09,,device_not_recording
1709608800000,2024-03-05T03:20:00Z,899-1-1-09,,device_not_recording
1709608860000,2024-03-05T03:21:00Z,899-1-1-09,,device_not_recording
1709608920000,2024-03-05T03:22:00Z,899-1-1-09,,device_not_recording
1709608980000,2024-03-05T03:23:00Z,899-1-1-09,,device_not_recording
1709609040000,2024-03-05T03:24:00Z,899-1-1-09,,device_not_recording
1709609100000,2024-03-05T03:25:00Z,899-1-1-09,,device_not_recording
1709609160000,2024-03-05T03:26:00Z,899-1-1-09,,device_not_recording
1709609220000,2024-03-05T03:27:00Z,899-1-1-09,,device_not_recording
1709609280000,2024-03-05T03:28:00Z,899-1-1-09,,device_not_recording
1709609340000,2024-03-05T03:29:00Z,899-1-1-09,,device_not_recording
1709609400000,2024-03-05T03:30:00Z,899-1-1-09,,device_not_recording
1709609460000,2024-03-05T03:31:00Z,899-1-1-09,,device_not_recording
1709609520000,2024-03-05T03:32:00Z,899-1-1-09,,device_not_recording
1709609580000,2024-03-05T03:33:00Z,899-1-1-09,,device_not_recording
1709609640000,2024-03-05T03:34:00Z,899-1-1-09,,device_not_recording
1709609700000,2024-03-05T03:35:00Z,899-1-1-09,,device_not_recording
1709609760000,2024-03-05T03:36:00Z,899-1-1-09,,device_not_recording
1709609820000,2024-03-05T03:37:00Z,899-1-1-09,,device_not_recording
1709609880000,2024-03-05T03:38:00Z,899-1-1-09,,device_not_recording
1709609940000,2024-03-05T03:39:00Z,899-1-1-09,,device_not_recording
1709610000000,2024-03-05T03:40:00Z,899-1-1-09,,device_not_recording
1709610060000,2024-03-05T03:41:00Z,899-1-1-09,,device_not_recording
1709610120000,2024-03-05T03:42:00Z,899-1-1-09,,device_not_recording
1709610180000,2024-03-05T03:43:00Z,899-1-1-09,,device_not_recording
1709610240000,2024-03-05T03:44:00Z,899-1-1-09,,device_not_recording
1709610300000,2024-03-05T03:45:00Z,899-1-1-09,,device_not_recording
1709610360000,2024-03-05T03:46:00Z,899-1-1-09,,device_not_recording
1709610420000,2024-03-05T03:47:00Z,899-1-1-09,,device_not_recording
1709610480000,2024-03-05T03:48:00Z,899-1-1-09,,device_not_recording
1709610540000,2024-03-05T03:49:00Z,899-1-1-09,,device_not_recording
1709610600000,2024-03-05T03:50:00Z,899-1-1-09,,device_not_recording
1709610660000,2024-03-05T03:51:00Z,899-1-1-09,,device_not_recording
1709610720000,2024-03-05T03:52:00Z,899-1-1-09,,device_not_recording
1709610780000,2024-03-05T03:53:00Z,899-1-1-09,,device_not_recording
1709610840000,2024-03-05T03:54:00Z,899-1-1-09,,device_not_recording
1709610900000,2024-03-05T03:55:00Z,899-1-1-09,,device_not_recording
1709610960000,2024-03-05T03:56:00Z,899-1-1-09,,device_not_recording
1709611020000,2024-03-05T03:57:00Z,899-1-1-09,,device_not_recording
1709611080000,2024-03-05T03:58:00Z,899-1-1-09,,device_not_recording
1709611140000,2024-03-05T03:59:00Z,899-1-1-09,,device_not_recording
1709611200000,2024-03-05T04:00:00Z,899-1-1-09,,device_not_recording
1709611260000,2024-03-05T04:01:00Z,899-1-1-09,,device_not_recording
1709611320000,2024-03-05T04:02:00Z,899-1-1-09,,device_not_recording
1709611380000,2024-03-05T04:03:00Z,899-1-1-09,,device_not_recording
1709611440000,2024-03-05T04:04:00Z,899-1-1-09,,device_not_recording
1709611500000,2024-03-05T04:05:00Z,899-1-1-09,,device_not_recording
1709611560000,2024-03-05T04:06:00Z,899-1-1-09,,device_not_recording
1709611620000,2024-03-05T04:07:00Z,899-1-1-09,,device_not_recording
1709611680000,2024-03-05T04:08:00Z,899-1-1-09,,device_not_recording
1709611740000,2024-03-05T04:09:00Z,899-1-1-09,,device_not_recording
1709611800000,2024-03-05T04:10:00Z,899-1-1-09,,device_not_recording
1709611860000,2024-03-05T04:11:00Z,899-1-1-09,,device_not_recording
1709611920000,2024-03-05T04:12:00Z,899-1-1-09,,device_not_recording
1709611980000,2024-03-05T04:13:00Z,899-1-1-09,,device_not_recording
1709612040000,2024-03-05T04:14:00Z,899-1-1-09,,device_not_recording
1709612100000,2024-03-05T04:15:00Z,899-1-1-09,,device_not_recording
1709612160000,2024-03-05T04:16:00Z,899-1-1-09,,device_not_recording
1709612220000,2024-03-05T04:17:00Z,899-1-1-09,,device_not_recording
1709612280000,2024-03-05T04:18:00Z,899-1-1-09,,device_not_recording
1709612340000,2024-03-05T04:19:00Z,899-1-1-09,,device_not_recording
1709612400000,2024-03-05T04:20:00Z,899-1-1-09,,device_not_recording
1709612460000,2024-03-05T04:21:00Z,899-1-1-09,,device_not_recording
1709612520000,2024-03-05T04:22:00Z,899-1-1-09,,device_not_recording
1709612580000,2024-03-05T04:23:00Z,899-1-1-09,,device_not_recording
1709612640000,2024-03-05T04:24:00Z,899-1-1-09,,device_not_recording
1709612700000,2024-03-05T04:25:00Z,899-1-1-09,,device_not_recording
1709612760000,2024-03-05T04:26:00Z,899-1-1-09,,device_not_recording
1709612820000,2024-03-05T04:27:00Z,899-1-1-09,,device_not_recording
1709612880000,2024-03-05T04:28:00Z,899-1-1-09,,device_not_recording
1709612940000,2024-03-05T04:29:00Z,899-1-1-09,,device_not_recording
1709613000000,2024-03-05T04:30:00Z,899-1-1-09,,device_not_recording
1709613060000,2024-03-05T04:31:00Z,899-1-1-09,,device_not_recording
1709613120000,2024-03-05T04:32:00Z,899-1-1-09,,device_not_recording
1709613180000,2024-03-05T04:33:00Z,899-1-1-09,,device_not_recording
1709613240000,2024-03-05T04:34:00Z,899-1-1-09,,device_not_recording
1709613300000,2024-03-05T04:35:00Z,899-1-1-09,,device_not_recording
1709613360000,2024-03-05T04:36:00Z,899-1-1-09,,device_not_recording
1709613420000,2024-03-05T04:37:00Z,899-1-1-09,,device_not_recording
1709613480000,2024-03-05T04:38:00Z,899-1-1-09,,device_not_recording
1709613540000,2024-03-05T04:39:00Z,899-1-1-09,,device_not_recording
1709613600000,2024-03-05T04:40:00Z,899-1-1-09,,device_not_recording
1709613660000,2024-03-05T04:41:00Z,899-1-1-09,,device_not_recording
1709613720000,2024-03-05T04:42:00Z,899-1-1-09,,device_not_recording
1709613780000,2024-03-05T04:43:00Z,899-1-1-09,,device_not_recording
1709613840000,2024-03-05T04:44:00Z,899-1-1-09,,device_not_recording
1709613900000,2024-03-05T04:45:00Z,899-1-1-09,,device_not_recording
1709613960000,2024-03-05T04:46:00Z,899-1-1-09,,device_not_recording
1709614020000,2024-03-05T04:47:00Z,899-1-1-09,,device_not_recording
1709614080000,2024-03-05T04:48:00Z,899-1-1-09,,device_not_recording
1709614140000,2024-03-05T04:49:00Z,899-1-1-09,,device_not_recording
1709614200000,2024-03-05T04:50:00Z,899-1-1-09,,device_not_recording
1709614260000,2024-03-05T04:51:00Z,899-1-1-09,,device_not_recording
1709614320000,2024-03-05T04:52:00Z,899-1-1-09,,device_not_recording
1709614380000,2024-03-05T04:53:00Z,899-1-1-09,,device_not_recording
1709614440000,2024-03-05T04:54:00Z,899-1-1-09,,device_not_recording
1709614500000,2024-03-05T04:55:00Z,899-1-1-09,,device_not_recording
1709614560000,2024-03-05T04:56:00Z,899-1-1-09,,device_not_recording
1709614620000,2024-03-05T04:57:00Z,899-1-1-09,,device_not_recording
1709614680000,2024-03-05T04:58:00Z,899-1-1-09,,device_not_recording
1709614740000,2024-03-05T04:59:00Z,899-1-1-09,,device_not_recording
1709614800000,2024-03-05T05:00:00Z,899-1-1-09,,device_not_recording
1709614860000,2024-03-05T05:01:00Z,899-1-1-09,,device_not_recording
1709614920000,2024-03-05T05:02:00Z,899-1-1-09,,device_not_recording
1709614980000,2024-03-05T05:03:00Z,899-1-1-09,,device_not_recording
1709615040000,2024-03-05T05:04:00Z,899-1-1-09,,device_not_recording
1709615100000,2024-03-05T05:05:00Z,899-1-1-09,,device_not_recording
1709615160000,2024-03-05T05:06:00Z,899-1-1-09,,device_not_recording
1709615220000,2024-03-05T05:07:00Z,899-1-1-09,,device_not_recording
1709615280000,2024-03-05T05:08:00Z,899-1-1-09,,device_not_recording
1709615340000,2024-03-05T05:09:00Z,899-1-1-09,,device_not_recording
1709615400000,2024-03-05T05:10:00Z,899-1-1-09,,device_not_recording
1709615460000,2024-03-05T05:11:00Z,899-1-1-09,,device_not_recording
1709615520000,2024-03-05T05:12:00Z,899-1-1-09,,device_not_recording
1709615580000,2024-03-05T05:13:00Z,899-1-1-09,,device_not_recording
1709615640000,2024-03-05T05:14:00Z,899-1-1-09,,device_not_recording
1709615700000,2024-03-05T05:15:00Z,899-1-1-09,,device_not_recording
1709615760000,2024-03-05T05:16:00Z,899-1-1-09,,device_not_recording
1709615820000,2024-03-05T05:17:00Z,899-1-1-09,,device_not_recording
1709615880000,2024-03-05T05:18:00Z,899-1-1-09,,device_not_recording
1709615940000,2024-03-05T05:19:00Z,899-1-1-09,,device_not_recording
1709616000000,2024-03-05T05:20:00Z,899-1-1-09,,device_not_recording
1709616060000,2024-03-05T05:21:00Z,899-1-1-09,,device_not_recording
1709616120000,2024-03-05T05:22:00Z,899-1-1-09,,device_not_recording
1709616180000,2024-03-05T05:23:00Z,899-1-1-09,,device_not_recording
1709616240000,2024-03-05T05:24:00Z,899-1-1-09,,device_not_recording
1709616300000,2024-03-05T05:25:00Z,899-1-1-09,,device_not_recording
1709616360000,2024-03-05T05:26:00Z,899-1-1-09,,device_not_recording
1709616420000,2024-03-05T05:27:00Z,899-1-1-09,,device_not_recording
1709616480000,2024-03-05T05:28:00Z,899-1-1-09,,device_not_recording
1709616540000,2024-03-05T05:29:00Z,899-1-1-09,,device_not_recording
1709616600000,2024-03-05T05:30:00Z,899-1-1-09,,device_not_recording
1709616660000,2024-03-05T05:31:00Z,899-1-1-09,,device_not_recording
1709616720000,2024-03-05T05:32:00Z,899-1-1-09,,device_not_recording
1709616780000,2024-03-05T05:33:00Z,899-1-1-09,,device_not_recording
1709616840000,2024-03-05T05:34:00Z,899-1-1-09,,device_not_recording
1709616900000,2024-03-05T05:35:00Z,899-1-1-09,,device_not_recording
1709616960000,2024-03-05T05:36:00Z,899-1-1-09,,device_not_recording
1709617020000,2024-03-05T05:37:00Z,899-1-1-09,,device_not_recording
1709617080000,2024-03-05T05:38:00Z,899-1-1-09,,device_not_recording
1709617140000,2024-03-05T05:39:00Z,899-1-1-09,,device_not_recording
1709617200000,2024-03-05T05:40:00Z,899-1-1-09,,device_not_recording
1709617260000,2024-03-05T05:41:00Z,899-1-1-09,,device_not_recording
1709617320000,2024-03-05T05:42:00Z,899-1-1-09,,device_not_recording
1709617380000,2024-03-05T05:43:00Z,899-1-1-09,,device_not_recording
1709617440000,2024-03-05T05:44:00Z,899-1-1-09,,device_not_recording
1709617500000,2024-03-05T05:45:00Z,899-1-1-09,,device_not_recording
1709617560000,2024-03-05T05:46:00Z,899-1-1-09,,device_not_recording
1709617620000,2024-03-05T05:47:00Z,899-1-1-09,,device_not_recording
1709617680000,2024-03-05T05:48:00Z,899-1-1-09,,device_not_recording
1709617740000,2024-03-05T05:49:00Z,899-1-1-09,,device_not_recording
1709617800000,2024-03-05T05:50:00Z,899-1-1-09,,device_not_recording
1709617860000,2024-03-05T05:51:00Z,899-1-1-09,,device_not_recording
1709617920000,2024-03-05T05:52:00Z,899-1-1-09,,device_not_recording
1709617980000,2024-03-05T05:53:00Z,899-1-1-09,,device_not_recording
1709618040000,2024-03-05T05:54:00Z,899-1-1-09,,device_not_recording
1709618100000,2024-03-05T05:55:00Z,899-1-1-09,,device_not_recording
1709618160000,2024-03-05T05:56:00Z,899-1-1-09,,device_not_recording
1709618220000,2024-03-05T05:57:00Z,899-1-1-09,,device_not_recording
1709618280000,2024-03-05T05:58:00Z,899-1-1-09,,device_not_recording
1709618340000,2024-03-05T05:59:00Z,899-1-1-09,,device_not_recording
1709618400000,2024-03-05T06:00:00Z,899-1-1-09,,device_not_recording
1709618460000,2024-03-05T06:01:00Z,899-1-1-09,,device_not_recording
1709618520000,2024-03-05T06:02:00Z,899-1-1-09,,device_not_recording
1709618580000,2024-03-05T06:03:00Z,899-1-1-09,,device_not_recording
1709618640000,2024-03-05T06:04:00Z,899-1-1-09,,device_not_recording
1709618700000,2024-03-05T06:05:00Z,899-1-1-09,,device_not_recording
1709618760000,2024-03-05T06:06:00Z,899-1-1-09,,device_not_recording
1709618820000,2024-03-05T06:07:00Z,899-1-1-09,,device_not_recording
1709618880000,2024-03-05T06:08:00Z,899-1-1-09,,device_not_recording
1709618940000,2024-03-05T06:09:00Z,899-1-1-09,,device_not_recording
1709619000000,2024-03-05T06:10:00Z,899-1-1-09,,device_not_recording
1709619060000,2024-03-05T06:11:00Z,899-1-1-09,,device_not_recording
1709619120000,2024-03-05T06:12:00Z,899-1-1-09,,device_not_recording
1709619180000,2024-03-05T06:13:00Z,899-1-1-09,,device_not_recording
1709619240000,2024-03-05T06:14:00Z,899-1-1-09,,device_not_recording
1709619300000,2024-03-05T06:15:00Z,899-1-1-09,,device_not_recording
1709619360000,2024-03-05T06:16:00Z,899-1-1-09,,device_not_recording
1709619420000,2024-03-05T06:17:00Z,899-1-1-09,,device_not_recording
1709619480000,2024-03-05T06:18:00Z,899-1-1-09,,device_not_recording
1709619540000,2024-03-05T06:19:00Z,899-1-1-09,,device_not_recording
1709619600000,2024-03-05T06:20:00Z,899-1-1-09,,device_not_recording
1709619660000,2024-03-05T06:21:00Z,899-1-1-09,,device_not_recording
1709619720000,2024-03-05T06:22:00Z,899-1-1-09,,device_not_recording
1709619780000,2024-03-05T06:23:00Z,899-1-1-09,,device_not_recording
1709619840000,2024-03-05T06:24:00Z,899-1-1-09,,device_not_recording
1709619900000,2024-03-05T06:25:00Z,899-1-1-09,,device_not_recording
1709619960000,2024-03-05T06:26:00Z,899-1-1-09,,device_not_recording
1709620020000,2024-03-05T06:27:00Z,899-1-1-09,,device_not_recording
1709620080000,2024-03-05T06:28:00Z,899-1-1-09,,device_not_recording
1709620140000,2024-03-05T06:29:00Z,899-1-1-09,,device_not_recording
1709620200000,2024-03-05T06:30:00Z,899-1-1-09,,device_not_recording
1709620260000,2024-03-05T06:31:00Z,899-1-1-09,,device_not_recording
1709620320000,2024-03-05T06:32:00Z,899-1-1-09,,device_not_recording
1709620380000,2024-03-05T06:33:00Z,899-1-1-09,,device_not_recording
1709620440000,2024-03-05T06:34:00Z,899-1-1-09,,device_not_recording
1709620500000,2024-03-05T06:35:00Z,899-1-1-09,,device_not_recording
1709620560000,2024-03-05T06:36:00Z,899-1-1-09,,device_not_recording
1709620620000,2024-03-05T06:37:00Z,899-1-1-09,,device_not_recording
1709620680000,2024-03-05T06:38:00Z,899-1-1-09,,device_not_recording
1709620740000,2024-03-05T06:39:00Z,899-1-1-09,,device_not_recording
1709620800000,2024-03-05T06:40:00Z,899-1-1-09,,device_not_recording
1709620860000,2024-03-05T06:41:00Z,899-1-1-09,,device_not_recording
1709620920000,2024-03-05T06:42:00Z,899-1-1-09,,device_not_recording
1709620980000,2024-03-05T06:43:00Z,899-1-1-09,,device_not_recording
1709621040000,2024-03-05T06:44:00Z,899-1-1-09,,device_not_recording
1709621100000,2024-03-05T06:45:00Z,899-1-1-09,,device_not_recording
1709621160000,2024-03-05T06:46:00Z,899-1-1-09,,device_not_recording
1709621220000,2024-03-05T06:47:00Z,899-1-1-09,,device_not_recording
1709621280000,2024-03-05T06:48:00Z,899-1-1-09,,device_not_recording
1709621340000,2024-03-05T06:49:00Z,899-1-1-09,,device_not_recording
1709621400000,2024-03-05T06:50:00Z,899-1-1-09,,device_not_recording
1709621460000,2024-03-05T06:51:00Z,899-1-1-09,,device_not_recording
1709621520000,2024-03-05T06:52:00Z,899-1-1-09,,device_not_recording
1709621580000,2024-03-05T06:53:00Z,899-1-1-09,,device_not_recording
1709621640000,2024-03-05T06:54:00Z,899-1-1-09,,device_not_recording
1709621700000,2024-03-05T06:55:00Z,899-1-1-09,,device_not_recording
1709621760000,2024-03-05T06:56:00Z,899-1-1-09,,device_not_recording
1709621820000,2024-03-05T06:57:00Z,899-1-1-09,,device_not_recording
1709621880000,2024-03-05T06:58:00Z,899-1-1-09,,device_not_recording
1709621940000,2024-03-05T06:59:00Z,899-1-1-09,,device_not_recording
1709622000000,2024-03-05T07:00:00Z,899-1-1-09,,device_not_recording
1709622060000,2024-03-05T07:01:00Z,899-1-1-09,,device_not_recording
1709622120000,2024-03-05T07:02:00Z,899-1-1-09,,device_not_recording
1709622180000,2024-03-05T07:03:00Z,899-1-1-09,,device_not_recording
1709622240000,2024-03-05T07:04:00Z,899-1-1-09,,device_not_recording
1709622300000,2024-03-05T07:05:00Z,899-1-1-09,,device_not_recording
1709622360000,2024-03-05T07:06:00Z,899-1-1-09,,device_not_recording
1709622420000,2024-03-05T07:07:00Z,899-1-1-09,,device_not_recording
1709622480000,2024-03-05T07:08:00Z,899-1-1-09,,device_not_recording
1709622540000,2024-03-05T07:09:00Z,899-1-1-09,,device_not_recording
1709622600000,2024-03-05T07:10:00Z,899-1-1-09,,device_not_recording
1709622660000,2024-03-05T07:11:00Z,899-1-1-09,,device_not_recording
1709622720000,2024-03-05T07:12:00Z,899-1-1-09,,device_not_recording
1709622780000,2024-03-05T07:13:00Z,899-1-1-09,,device_not_recording
1709622840000,2024-03-05T07:14:00Z,899-1-1-09,,device_not_recording
1709622900000,2024-03-05T07:15:00Z,899-1-1-09,,device_not_recording
1709622960000,2024-03-05T07:16:00Z,899-1-1-09,,device_not_recording
1709623020000,2024-03-05T07:17:00Z,899-1-1-09,,device_not_recording
1709623080000,2024-03-05T07:18:00Z,899-1-1-09,,device_not_recording
1709623140000,2024-03-05T07:19:00Z,899-1-1-09,,device_not_recording
1709623200000,2024-03-05T07:20:00Z,899-1-1-09,,device_not_recording
1709623260000,2024-03-05T07:21:00Z,899-1-1-09,,device_not_recording
1709623320000,2024-03-05T07:22:00Z,899-1-1-09,,device_not_recording
1709623380000,2024-03-05T07:23:00Z,899-1-1-09,,device_not_recording
1709623440000,2024-03-05T07:24:00Z,899-1-1-09,,device_not_recording
1709623500000,2024-03-05T07:25:00Z,899-1-1-09,,device_not_recording
1709623560000,2024-03-05T07:26:00Z,899-1-1-09,,device_not_recording
1709623620000,2024-03-05T07:27:00Z,899-1-1-09,,device_not_recording
1709623680000,2024-03-05T07:28:00Z,899-1-1-09,,device_not_recording
1709623740000,2024-03-05T07:29:00Z,899-1-1-09,,device_not_recording
1709623800000,2024-03-05T07:30:00Z,899-1-1-09,,device_not_recording
1709623860000,2024-03-05T07:31:00Z,899-1-1-09,,device_not_recording
1709623920000,2024-03-05T07:32:00Z,899-1-1-09,,device_not_recording
1709623980000,2024-03-05T07:33:00Z,899-1-1-09,,device_not_recording
1709624040000,2024-03-05T07:34:00Z,899-1-1-09,,device_not_recording
1709624100000,2024-03-05T07:35:00Z,899-1-1-09,,device_not_recording
1709624160000,2024-03-05T07:36:00Z,899-1-1-09,,device_not_recording
1709624220000,2024-03-05T07:37:00Z,899-1-1-09,,device_not_recording
1709624280000,2024-03-05T07:38:00Z,899-1-1-09,,device_not_recording
1709624340000,2024-03-05T07:39:00Z,899-1-1-09,,device_not_recording
1709624400000,2024-03-05T07:40:00Z,899-1-1-09,,device_not_recording
1709624460000,2024-03-05T07:41:00Z,899-1-1-09,,device_not_recording
1709624520000,2024-03-05T07:42:00Z,899-1-1-09,,device_not_recording
1709624580000,2024-03-05T07:43:00Z,899-1-1-09,,device_not_recording
1709624640000,2024-03-05T07:44:00Z,899-1-1-09,,device_not_recording
1709624700000,2024-03-05T07:45:00Z,899-1-1-09,,device_not_recording
1709624760000,2024-03-05T07:46:00Z,899-1-1-09,,device_not_recording
1709624820000,2024-03-05T07:47:00Z,899-1-1-09,,device_not_recording
1709624880000,2024-03-05T07:48:00Z,899-1-1-09,,device_not_recording
1709624940000,2024-03-05T07:49:00Z,899-1-1-09,,device_not_recording
1709625000000,2024-03-05T07:50:00Z,899-1-1-09,,device_not_recording
1709625060000,2024-03-05T07:51:00Z,899-1-1-09,,device_not_recording
1709625120000,2024-03-05T07:52:00Z,899-1-1-09,,device_not_recording
1709625180000,2024-03-05T07:53:00Z,899-1-1-09,,device_not_recording
1709625240000,2024-03-05T07:54:00Z,899-1-1-09,,device_not_recording
1709625300000,2024-03-05T07:55:00Z,899-1-1-09,,device_not_recording
1709625360000,2024-03-05T07:56:00Z,899-1-1-09,,device_not_recording
1709625420000,2024-03-05T07:57:00Z,899-1-1-09,,device_not_recording
1709625480000,2024-03-05T07:58:00Z,899-1-1-09,,device_not_recording
1709625540000,2024-03-05T07:59:00Z,899-1-1-09,,device_not_recording
1709625600000,2024-03-05T08:00:00Z,899-1-1-09,,device_not_recording
1709625660000,2024-03-05T08:01:00Z,899-1-1-09,,device_not_recording
1709625720000,2024-03-05T08:02:00Z,899-1-1-09,,device_not_recording
1709625780000,2024-03-05T08:03:00Z,899-1-1-09,,device_not_recording
1709625840000,2024-03-05T08:04:00Z,899-1-1-09,,device_not_recording
1709625900000,2024-03-05T08:05:00Z,899-1-1-09,,device_not_recording
1709625960000,2024-03-05T08:06:00Z,899-1-1-09,,device_not_recording
1709626020000,2024-03-05T08:07:00Z,899-1-1-09,,device_not_recording
1709626080000,2024-03-05T08:08:00Z,899-1-1-09,,device_not_recording
1709626140000,2024-03-05T08:09:00Z,899-1-1-09,,device_not_recording
1709626200000,2024-03-05T08:10:00Z,899-1-1-09,,device_not_recording
1709626260000,2024-03-05T08:11:00Z,899-1-1-09,,device_not_recording
1709626320000,2024-03-05T08:12:00Z,899-1-1-09,,device_not_recording
1709626380000,2024-03-05T08:13:00Z,899-1-1-09,,device_not_recording
1709626440000,2024-03-05T08:14:00Z,899-1-1-09,,device_not_recording
1709626500000,2024-03-05T08:15:00Z,899-1-1-09,,device_not_recording
1709626560000,2024-03-05T08:16:00Z,899-1-1-09,,device_not_recording
1709626620000,2024-03-05T08:17:00Z,899-1-1-09,,device_not_recording
1709626680000,2024-03-05T08:18:00Z,899-1-1-09,,device_not_recording
1709626740000,2024-03-05T08:19:00Z,899-1-1-09,,device_not_recording
1709626800000,2024-03-05T08:20:00Z,899-1-1-09,,device_not_recording
1709626860000,2024-03-05T08:21:00Z,899-1-1-09,,device_not_recording
1709626920000,2024-03-05T08:22:00Z,899-1-1-09,,device_not_recording
1709626980000,2024-03-05T08:23:00Z,899-1-1-09,,device_not_recording
1709627040000,2024-03-05T08:24:00Z,899-1-1-09,,device_not_recording
1709627100000,2024-03-05T08:25:00Z,899-1-1-09,,device_not_recording
1709627160000,2024-03-05T08:26:00Z,899-1-1-09,,device_not_recording
1709627220000,2024-03-05T08:27:00Z,899-1-1-09,,device_not_recording
1709627280000,2024-03-05T08:28:00Z,899-1-1-09,,device_not_recording
1709627340000,2024-03-05T08:29:00Z,899-1-1-09,,device_not_recording
1709627400000,2024-03-05T08:30:00Z,899-1-1-09,,device_not_recording
1709627460000,2024-03-05T08:31:00Z,899-1-1-09,,device_not_recording
1709627520000,2024-03-05T08:32:00Z,899-1-1-09,,device_not_recording
1709627580000,2024-03-05T08:33:00Z,899-1-1-09,,device_not_recording
1709627640000,2024-03-05T08:34:00Z,899-1-1-09,,device_not_recording
1709627700000,2024-03-05T08:35:00Z,899-1-1-09,,device_not_recording
1709627760000,2024-03-05T08:36:00Z,899-1-1-09,,device_not_recording
1709627820000,2024-03-05T08:37:00Z,899-1-1-09,,device_not_recording
1709627880000,2024-03-05T08:38:00Z,899-1-1-09,,device_not_recording
1709627940000,2024-03-05T08:39:00Z,899-1-1-09,,device_not_recording
1709628000000,2024-03-05T08:40:00Z,899-1-1-09,,device_not_recording
1709628060000,2024-03-05T08:41:00Z,899-1-1-09,,device_not_recording
1709628120000,2024-03-05T08:42:00Z,899-1-1-09,,device_not_recording
1709628180000,2024-03-05T08:43:00Z,899-1-1-09,,device_not_recording
1709628240000,2024-03-05T08:44:00Z,899-1-1-09,,device_not_recording
1709628300000,2024-03-05T08:45:00Z,899-1-1-09,,device_not_recording
1709628360000,2024-03-05T08:46:00Z,899-1-1-09,,device_not_recording
1709628420000,2024-03-05T08:47:00Z,899-1-1-09,,device_not_recording
1709628480000,2024-03-05T08:48:00Z,899-1-1-09,,device_not_recording
1709628540000,2024-03-05T08:49:00Z,899-1-1-09,,device_not_recording
1709628600000,2024-03-05T08:50:00Z,899-1-1-09,,device_not_recording
1709628660000,2024-03-05T08:51:00Z,899-1-1-09,,device_not_recording
1709628720000,2024-03-05T08:52:00Z,899-1-1-09,,device_not_recording
1709628780000,2024-03-05T08:53:00Z,899-1-1-09,,device_not_recording
1709628840000,2024-03-05T08:54:00Z,899-1-1-09,,device_not_recording
1709628900000,2024-03-05T08:55:00Z,899-1-1-09,,device_not_recording
1709628960000,2024-03-05T08:56:00Z,899-1-1-09,,device_not_recording
1709629020000,2024-03-05T08:57:00Z,899-1-1-09,,device_not_recording
1709629080000,2024-03-05T08:58:00Z,899-1-1-09,,device_not_recording
1709629140000,2024-03-05T08:59:00Z,899-1-1-09,,device_not_recording
1709629200000,2024-03-05T09:00:00Z,899-1-1-09,,device_not_recording
1709629260000,2024-03-05T09:01:00Z,899-1-1-09,,device_not_recording
1709629320000,2024-03-05T09:02:00Z,899-1-1-09,,device_not_recording
1709629380000,2024-03-05T09:03:00Z,899-1-1-09,,device_not_recording
1709629440000,2024-03-05T09:04:00Z,899-1-1-09,,device_not_recording
1709629500000,2024-03-05T09:05:00Z,899-1-1-09,,device_not_recording
1709629560000,2024-03-05T09:06:00Z,899-1-1-09,,device_not_recording
1709629620000,2024-03-05T09:07:00Z,899-1-1-09,,device_not_recording
1709629680000,2024-03-05T09:08:00Z,899-1-1-09,,device_not_recording
1709629740000,2024-03-05T09:09:00Z,899-1-1-09,,device_not_recording
1709629800000,2024-03-05T09:10:00Z,899-1-1-09,,device_not_recording
1709629860000,2024-03-05T09:11:00Z,899-1-1-09,,device_not_recording
1709629920000,2024-03-05T09:12:00Z,899-1-1-09,,device_not_recording
1709629980000,2024-03-05T09:13:00Z,899-1-1-09,,device_not_recording
1709630040000,2024-03-05T09:14:00Z,899-1-1-09,,device_not_recording
1709630100000,2024-03-05T09:15:00Z,899-1-1-09,,device_not_recording
1709630160000,2024-03-05T09:16:00Z,899-1-1-09,,device_not_recording
1709630220000,2024-03-05T09:17:00Z,899-1-1-09,,device_not_recording
1709630280000,2024-03-05T09:18:00Z,899-1-1-09,,device_not_recording
1709630340000,2024-03-05T09:19:00Z,899-1-1-09,,device_not_recording
1709630400000,2024-03-05T09:20:00Z,899-1-1-09,,device_not_recording
1709630460000,2024-03-05T09:21:00Z,899-1-1-09,,device_not_recording
1709630520000,2024-03-05T09:22:00Z,899-1-1-09,,device_not_recording
1709630580000,2024-03-05T09:23:00Z,899-1-1-09,,device_not_recording
1709630640000,2024-03-05T09:24:00Z,899-1-1-09,,device_not_recording
1709630700000,2024-03-05T09:25:00Z,899-1-1-09,,device_not_recording
1709630760000,2024-03-05T09:26:00Z,899-1-1-09,,device_not_recording
1709630820000,2024-03-05T09:27:00Z,899-1-1-09,,device_not_recording
1709630880000,2024-03-05T09:28:00Z,899-1-1-09,,device_not_recording
1709630940000,2024-03-05T09:29:00Z,899-1-1-09,,device_not_recording
1709631000000,2024-03-05T09:30:00Z,899-1-1-09,,device_not_recording
1709631060000,2024-03-05T09:31:00Z,899-1-1-09,,device_not_recording
1709631120000,2024-03-05T09:32:00Z,899-1-1-09,,device_not_recording
1709631180000,2024-03-05T09:33:00Z,899-1-1-09,,device_not_recording
1709631240000,2024-03-05T09:34:00Z,899-1-1-09,,device_not_recording
1709631300000,2024-03-05T09:35:00Z,899-1-1-09,,device_not_recording
1709631360000,2024-03-05T09:36:00Z,899-1-1-09,,device_not_recording
1709631420000,2024-03-05T09:37:00Z,899-1-1-09,,device_not_recording
1709631480000,2024-03-05T09:38:00Z,899-1-1-09,,device_not_recording
1709631540000,2024-03-05T09:39:00Z,899-1-1-09,,device_not_recording
1709631600000,2024-03-05T09:40:00Z,899-1-1-09,,device_not_recording
1709631660000,2024-03-05T09:41:00Z,899-1-1-09,,device_not_recording
1709631720000,2024-03-05T09:42:00Z,899-1-1-09,,device_not_recording
1709631780000,2024-03-05T09:43:00Z,899-1-1-09,,device_not_recording
1709631840000,2024-03-05T09:44:00Z,899-1-1-09,,device_not_recording
1709631900000,2024-03-05T09:45:00Z,899-1-1-09,,device_not_recording
1709631960000,2024-03-05T09:46:00Z,899-1-1-09,,device_not_recording
1709632020000,2024-03-05T09:47:00Z,899-1-1-09,,device_not_recording
1709632080000,2024-03-05T09:48:00Z,899-1-1-09,,device_not_recording
1709632140000,2024-03-05T09:49:00Z,899-1-1-09,,device_not_recording
1709632200000,2024-03-05T09:50:00Z,899-1-1-09,,device_not_recording
1709632260000,2024-03-05T09:51:00Z,899-1-1-09,,device_not_recording
1709632320000,2024-03-05T09:52:00Z,899-1-1-09,,device_not_recording
1709632380000,2024-03-05T09:53:00Z,899-1-1-09,,device_not_recording
1709632440000,2024-03-05T09:54:00Z,899-1-1-09,,device_not_recording
1709632500000,2024-03-05T09:55:00Z,899-1-1-09,,device_not_recording
1709632560000,2024-03-05T09:56:00Z,899-1-1-09,,device_not_recording
1709632620000,2024-03-05T09:57:00Z,899-1-1-09,,device_not_recording
1709632680000,2024-03-05T09:58:00Z,899-1-1-09,,device_not_recording
1709632740000,2024-03-05T09:59:00Z,899-1-1-09,,device_not_recording
1709632800000,2024-03-05T10:00:00Z,899-1-1-09,,device_not_recording
1709632860000,2024-03-05T10:01:00Z,899-1-1-09,,device_not_recording
1709632920000,2024-03-05T10:02:00Z,899-1-1-09,,device_not_recording
1709632980000,2024-03-05T10:03:00Z,899-1-1-09,,device_not_recording
1709633040000,2024-03-05T10:04:00Z,899-1-1-09,,device_not_recording
1709633100000,2024-03-05T10:05:00Z,899-1-1-09,,device_not_recording
1709633160000,2024-03-05T10:06:00Z,899-1-1-09,,device_not_recording
1709633220000,2024-03-05T10:07:00Z,899-1-1-09,,device_not_recording
1709633280000,2024-03-05T10:08:00Z,899-1-1-09,,device_not_recording
1709633340000,2024-03-05T10:09:00Z,899-1-1-09,,device_not_recording
1709633400000,2024-03-05T10:10:00Z,899-1-1-09,,device_not_recording
1709633460000,2024-03-05T10:11:00Z,899-1-1-09,,device_not_recording
1709633520000,2024-03-05T10:12:00Z,899-1-1-09,,device_not_recording
1709633580000,2024-03-05T10:13:00Z,899-1-1-09,,device_not_recording
1709633640000,2024-03-05T10:14:00Z,899-1-1-09,,device_not_recording
1709633700000,2024-03-05T10:15:00Z,899-1-1-09,,device_not_recording
1709633760000,2024-03-05T10:16:00Z,899-1-1-09,,device_not_recording
1709633820000,2024-03-05T10:17:00Z,899-1-1-09,,device_not_recording
1709633880000,2024-03-05T10:18:00Z,899-1-1-09,,device_not_recording
1709633940000,2024-03-05T10:19:00Z,899-1-1-09,,device_not_recording
1709634000000,2024-03-05T10:20:00Z,899-1-1-09,,device_not_recording
1709634060000,2024-03-05T10:21:00Z,899-1-1-09,,device_not_recording
1709634120000,2024-03-05T10:22:00Z,899-1-1-09,,device_not_recording
1709634180000,2024-03-05T10:23:00Z,899-1-1-09,,device_not_recording
1709634240000,2024-03-05T10:24:00Z,899-1-1-09,,device_not_recording
1709634300000,2024-03-05T10:25:00Z,899-1-1-09,,device_not_recording
1709634360000,2024-03-05T10:26:00Z,899-1-1-09,,device_not_recording
1709634420000,2024-03-05T10:27:00Z,899-1-1-09,,device_not_recording
1709634480000,2024-03-05T10:28:00Z,899-1-1-09,,device_not_recording
1709634540000,2024-03-05T10:29:00Z,899-1-1-09,,device_not_recording
1709634600000,2024-03-05T10:30:00Z,899-1-1-09,,device_not_recording
1709634660000,2024-03-05T10:31:00Z,899-1-1-09,,device_not_recording
1709634720000,2024-03-05T10:32:00Z,899-1-1-09,,device_not_recording
1709634780000,2024-03-05T10:33:00Z,899-1-1-09,,device_not_recording
1709634840000,2024-03-05T10:34:00Z,899-1-1-09,,device_not_recording
1709634900000,2024-03-05T10:35:00Z,899-1-1-09,,device_not_recording
1709634960000,2024-03-05T10:36:00Z,899-1-1-09,,device_not_recording
1709635020000,2024-03-05T10:37:00Z,899-1-1-09,,device_not_recording
1709635080000,2024-03-05T10:38:00Z,899-1-1-09,,device_not_recording
1709635140000,2024-03-05T10:39:00Z,899-1-1-09,,device_not_recording
1709635200000,2024-03-05T10:40:00Z,899-1-1-09,,device_not_recording
1709635260000,2024-03-05T10:41:00Z,899-1-1-09,,device_not_recording
1709635320000,2024-03-05T10:42:00Z,899-1-1-09,,device_not_recording
1709635380000,2024-03-05T10:43:00Z,899-1-1-09,,device_not_recording
1709635440000,2024-03-05T10:44:00Z,899-1-1-09,,device_not_recording
1709635500000,2024-03-05T10:45:00Z,899-1-1-09,,device_not_recording
1709635560000,2024-03-05T10:46:00Z,899-1-1-09,,device_not_recording
1709635620000,2024-03-05T10:47:00Z,899-1-1-09,,device_not_recording
1709635680000,2024-03-05T10:48:00Z,899-1-1-09,,device_not_recording
1709635740000,2024-03-05T10:49:00Z,899-1-1-09,,device_not_recording
1709635800000,2024-03-05T10:50:00Z,899-1-1-09,,device_not_recording
1709635860000,2024-03-05T10:51:00Z,899-1-1-09,,device_not_recording
1709635920000,2024-03-05T10:52:00Z,899-1-1-09,,device_not_recording
1709635980000,2024-03-05T10:53:00Z,899-1-1-09,,device_not_recording
1709636040000,2024-03-05T10:54:00Z,899-1-1-09,,device_not_recording
1709636100000,2024-03-05T10:55:00Z,899-1-1-09,,device_not_recording
1709636160000,2024-03-05T10:56:00Z,899-1-1-09,,device_not_recording
1709636220000,2024-03-05T10:57:00Z,899-1-1-09,,device_not_recording
1709636280000,2024-03-05T10:58:00Z,899-1-1-09,,device_not_recording
1709636340000,2024-03-05T10:59:00Z,899-1-1-09,,device_not_recording
1709636400000,2024-03-05T11:00:00Z,899-1-1-09,,device_not_recording
1709636460000,2024-03-05T11:01:00Z,899-1-1-09,,device_not_recording
1709636520000,2024-03-05T11:02:00Z,899-1-1-09,,device_not_recording
1709636580000,2024-03-05T11:03:00Z,899-1-1-09,,device_not_recording
1709636640000,2024-03-05T11:04:00Z,899-1-1-09,,device_not_recording
1709636700000,2024-03-05T11:05:00Z,899-1-1-09,,device_not_recording
1709636760000,2024-03-05T11:06:00Z,899-1-1-09,,device_not_recording
1709636820000,2024-03-05T11:07:00Z,899-1-1-09,,device_not_recording
1709636880000,2024-03-05T11:08:00Z,899-1-1-09,,device_not_recording
1709636940000,2024-03-05T11:09:00Z,899-1-1-09,,device_not_recording
1709637000000,2024-03-05T11:10:00Z,899-1-1-09,,device_not_recording
1709637060000,2024-03-05T11:11:00Z,899-1-1-09,,device_not_recording
1709637120000,2024-03-05T11:12:00Z,899-1-1-09,,device_not_recording
1709637180000,2024-03-05T11:13:00Z,899-1-1-09,,device_not_recording
1709637240000,2024-03-05T11:14:00Z,899-1-1-09,,device_not_recording
1709637300000,2024-03-05T11:15:00Z,899-1-1-09,,device_not_recording
1709637360000,2024-03-05T11:16:00Z,899-1-1-09,,device_not_recording
1709637420000,2024-03-05T11:17:00Z,899-1-1-09,,device_not_recording
1709637480000,2024-03-05T11:18:00Z,899-1-1-09,,device_not_recording
1709637540000,2024-03-05T11:19:00Z,899-1-1-09,,device_not_recording
1709637600000,2024-03-05T11:20:00Z,899-1-1-09,,device_not_recording
1709637660000,2024-03-05T11:21:00Z,899-1-1-09,,device_not_recording
1709637720000,2024-03-05T11:22:00Z,899-1-1-09,,device_not_recording
1709637780000,2024-03-05T11:23:00Z,899-1-1-09,,device_not_recording
1709637840000,2024-03-05T11:24:00Z,899-1-1-09,,device_not_recording
1709637900000,2024-03-05T11:25:00Z,899-1-1-09,,device_not_recording
1709637960000,2024-03-05T11:26:00Z,899-1-1-09,,device_not_recording
1709638020000,2024-03-05T11:27:00Z,899-1-1-09,,device_not_recording
1709638080000,2024-03-05T11:28:00Z,899-1-1-09,,device_not_recording
1709638140000,2024-03-05T11:29:00Z,899-1-1-09,,device_not_recording
1709638200000,2024-03-05T11:30:00Z,899-1-1-09,,device_not_recording
1709638260000,2024-03-05T11:31:00Z,899-1-1-09,,device_not_recording
1709638320000,2024-03-05T11:32:00Z,899-1-1-09,,device_not_recording
1709638380000,2024-03-05T11:33:00Z,899-1-1-09,,device_not_recording
1709638440000,2024-03-05T11:34:00Z,899-1-1-09,,device_not_recording
1709638500000,2024-03-05T11:35:00Z,899-1-1-09,,device_not_recording
1709638560000,2024-03-05T11:36:00Z,899-1-1-09,,device_not_recording
1709638620000,2024-03-05T11:37:00Z,899-1-1-09,,device_not_recording
1709638680000,2024-03-05T11:38:00Z,899-1-1-09,,device_not_recording
1709638740000,2024-03-05T11:39:00Z,899-1-1-09,,device_not_recording
1709638800000,2024-03-05T11:40:00Z,899-1-1-09,,device_not_recording
1709638860000,2024-03-05T11:41:00Z,899-1-1-09,,device_not_recording
1709638920000,2024-03-05T11:42:00Z,899-1-1-09,,device_not_recording
1709638980000,2024-03-05T11:43:00Z,899-1-1-09,,device_not_recording
1709639040000,2024-03-05T11:44:00Z,899-1-1-09,,device_not_recording
1709639100000,2024-03-05T11:45:00Z,899-1-1-09,,device_not_recording
1709639160000,2024-03-05T11:46:00Z,899-1-1-09,,device_not_recording
1709639220000,2024-03-05T11:47:00Z,899-1-1-09,,device_not_recording
1709639280000,2024-03-05T11:48:00Z,899-1-1-09,,device_not_recording
1709639340000,2024-03-05T11:49:00Z,899-1-1-09,,device_not_recording
1709639400000,2024-03-05T11:50:00Z,899-1-1-09,,device_not_recording
1709639460000,2024-03-05T11:51:00Z,899-1-1-09,,device_not_recording
1709639520000,2024-03-05T11:52:00Z,899-1-1-09,,device_not_recording
1709639580000,2024-03-05T11:53:00Z,899-1-1-09,,device_not_recording
1709639640000,2024-03-05T11:54:00Z,899-1-1-09,,device_not_recording
1709639700000,2024-03-05T11:55:00Z,899-1-1-09,,device_not_recording
1709639760000,2024-03-05T11:56:00Z,899-1-1-09,,device_not_recording
1709639820000,2024-03-05T11:57:00Z,899-1-1-09,,device_not_recording
1709639880000,2024-03-05T11:58:00Z,899-1-1-09,,device_not_recording
1709639940000,2024-03-05T11:59:00Z,899-1-1-09,,device_not_recording
1709640000000,2024-03-05T12:00:00Z,899-1-1-09,,device_not_recording
1709640060000,2024-03-05T12:01:00Z,899-1-1-09,,device_not_recording
1709640120000,2024-03-05T12:02:00Z,899-1-1-09,,device_not_recording
1709640180000,2024-03-05T12:03:00Z,899-1-1-09,,device_not_recording
1709640240000,2024-03-05T12:04:00Z,899-1-1-09,,device_not_recording
1709640300000,2024-03-05T12:05:00Z,899-1-1-09,,device_not_recording
1709640360000,2024-03-05T12:06:00Z,899-1-1-09,,device_not_recording
1709640420000,2024-03-05T12:07:00Z,899-1-1-09,,device_not_recording
1709640480000,2024-03-05T12:08:00Z,899-1-1-09,,device_not_recording
1709640540000,2024-03-05T12:09:00Z,899-1-1-09,,device_not_recording
1709640600000,2024-03-05T12:10:00Z,899-1-1-09,,device_not_recording
1709640660000,2024-03-05T12:11:00Z,899-1-1-09,,device_not_recording
1709640720000,2024-03-05T12:12:00Z,899-1-1-09,,device_not_recording
1709640780000,2024-03-05T12:13:00Z,899-1-1-09,,device_not_recording
1709640840000,2024-03-05T12:14:00Z,899-1-1-09,,device_not_recording
1709640900000,2024-03-05T12:15:00Z,899-1-1-09,,device_not_recording
1709640960000,2024-03-05T12:16:00Z,899-1-1-09,,device_not_recording
1709641020000,2024-03-05T12:17:00Z,899-1-1-09,,device_not_recording
1709641080000,2024-03-05T12:18:00Z,899-1-1-09,,device_not_recording
1709641140000,2024-03-05T12:19:00Z,899-1-1-09,,device_not_recording
1709641200000,2024-03-05T12:20:00Z,899-1-1-09,,device_not_recording
1709641260000,2024-03-05T12:21:00Z,899-1-1-09,,device_not_recording
1709641320000,2024-03-05T12:22:00Z,899-1-1-09,,device_not_recording
1709641380000,2024-03-05T12:23:00Z,899-1-1-09,,device_not_recording
1709641440000,2024-03-05T12:24:00Z,899-1-1-09,,device_not_recording
1709641500000,2024-03-05T12:25:00Z,899-1-1-09,,device_not_recording
1709641560000,2024-03-05T12:26:00Z,899-1-1-09,,device_not_recording
1709641620000,2024-03-05T12:27:00Z,899-1-1-09,,device_not_recording
1709641680000,2024-03-05T12:28:00Z,899-1-1-09,,device_not_recording
1709641740000,2024-03-05T12:29:00Z,899-1-1-09,,device_not_recording
1709641800000,2024-03-05T12:30:00Z,899-1-1-09,,device_not_recording
1709641860000,2024-03-05T12:31:00Z,899-1-1-09,,device_not_recording
1709641920000,2024-03-05T12:32:00Z,899-1-1-09,,device_not_recording
1709641980000,2024-03-05T12:33:00Z,899-1-1-09,,device_not_recording
1709642040000,2024-03-05T12:34:00Z,899-1-1-09,,device_not_recording
1709642100000,2024-03-05T12:35:00Z,899-1-1-09,,device_not_recording
1709642160000,2024-03-05T12:36:00Z,899-1-1-09,,device_not_recording
1709642220000,2024-03-05T12:37:00Z,899-1-1-09,,device_not_recording
1709642280000,2024-03-05T12:38:00Z,899-1-1-09,,device_not_recording
1709642340000,2024-03-05T12:39:00Z,899-1-1-09,,device_not_recording
1709642400000,2024-03-05T12:40:00Z,899-1-1-09,,device_not_recording
1709642460000,2024-03-05T12:41:00Z,899-1-1-09,,device_not_recording
1709642520000,2024-03-05T12:42:00Z,899-1-1-09,,device_not_recording
1709642580000,2024-03-05T12:43:00Z,899-1-1-09,,device_not_recording
1709642640000,2024-03-05T12:44:00Z,899-1-1-09,,device_not_recording
1709642700000,2024-03-05T12:45:00Z,899-1-1-09,,device_not_recording
1709642760000,2024-03-05T12:46:00Z,899-1-1-09,,device_not_recording
1709642820000,2024-03-05T12:47:00Z,899-1-1-09,,device_not_recording
1709642880000,2024-03-05T12:48:00Z,899-1-1-09,,device_not_recording
1709642940000,2024-03-05T12:49:00Z,899-1-1-09,,device_not_recording
1709643000000,2024-03-05T12:50:00Z,899-1-1-09,,device_not_recording
1709643060000,2024-03-05T12:51:00Z,899-1-1-09,,device_not_recording
1709643120000,2024-03-05T12:52:00Z,899-1-1-09,,device_not_recording
1709643180000,2024-03-05T12:53:00Z,899-1-1-09,,device_not_recording
1709643240000,2024-03-05T12:54:00Z,899-1-1-09,,device_not_recording
1709643300000,2024-03-05T12:55:00Z,899-1-1-09,,device_not_recording
1709643360000,2024-03-05T12:56:00Z,899-1-1-09,,device_not_recording
1709643420000,2024-03-05T12:57:00Z,899-1-1-09,,device_not_recording
1709643480000,2024-03-05T12:58:00Z,899-1-1-09,,device_not_recording
1709643540000,2024-03-05T12:59:00Z,899-1-1-09,,device_not_recording
1709643600000,2024-03-05T13:00:00Z,899-1-1-09,,device_not_recording
1709643660000,2024-03-05T13:01:00Z,899-1-1-09,,device_not_recording
1709643720000,2024-03-05T13:02:00Z,899-1-1-09,,device_not_recording
1709643780000,2024-03-05T13:03:00Z,899-1-1-09,,device_not_recording
1709643840000,2024-03-05T13:04:00Z,899-1-1-09,,device_not_recording
1709643900000,2024-03-05T13:05:00Z,899-1-1-09,,device_not_recording
1709643960000,2024-03-05T13:06:00Z,899-1-1-09,,device_not_recording
1709644020000,2024-03-05T13:07:00Z,899-1-1-09,,device_not_recording
1709644080000,2024-03-05T13:08:00Z,899-1-1-09,,device_not_recording
1709644140000,2024-03-05T13:09:00Z,899-1-1-09,,device_not_recording
1709644200000,2024-03-05T13:10:00Z,899-1-1-09,,device_not_recording
1709644260000,2024-03-05T13:11:00Z,899-1-1-09,,device_not_recording
1709644320000,2024-03-05T13:12:00Z,899-1-1-09,,device_not_recording
1709644380000,2024-03-05T13:13:00Z,899-1-1-09,,device_not_recording
1709644440000,2024-03-05T13:14:00Z,899-1-1-09,,device_not_recording
1709644500000,2024-03-05T13:15:00Z,899-1-1-09,,device_not_recording
1709644560000,2024-03-05T13:16:00Z,899-1-1-09,,device_not_recording
1709644620000,2024-03-05T13:17:00Z,899-1-1-09,,device_not_recording
1709644680000,2024-03-05T13:18:00Z,899-1-1-09,,device_not_recording
1709644740000,2024-03-05T13:19:00Z,899-1-1-09,,device_not_recording
1709644800000,2024-03-05T13:20:00Z,899-1-1-09,,device_not_recording
1709644860000,2024-03-05T13:21:00Z,899-1-1-09,,device_not_recording
1709644920000,2024-03-05T13:22:00Z,899-1-1-09,,device_not_recording
1709644980000,2024-03-05T13:23:00Z,899-1-1-09,,device_not_recording
1709645040000,2024-03-05T13:24:00Z,899-1-1-09,,device_not_recording
1709645100000,2024-03-05T13:25:00Z,899-1-1-09,,device_not_recording
1709645160000,2024-03-05T13:26:00Z,899-1-1-09,,device_not_recording
1709645220000,2024-03-05T13:27:00Z,899-1-1-09,,device_not_recording
1709645280000,2024-03-05T13:28:00Z,899-1-1-09,,device_not_recording
1709645340000,2024-03-05T13:29:00Z,899-1-1-09,,device_not_recording
1709645400000,2024-03-05T13:30:00Z,899-1-1-09,,device_not_recording
1709645460000,2024-03-05T13:31:00Z,899-1-1-09,,device_not_recording
1709645520000,2024-03-05T13:32:00Z,899-1-1-09,,device_not_recording
1709645580000,2024-03-05T13:33:00Z,899-1-1-09,,device_not_recording
1709645640000,2024-03-05T13:34:00Z,899-1-1-09,,device_not_recording
1709645700000,2024-03-05T13:35:00Z,899-1-1-09,,device_not_recording
1709645760000,2024-03-05T13:36:00Z,899-1-1-09,,device_not_recording
1709645820000,2024-03-05T13:37:00Z,899-1-1-09,,device_not_recording
1709645880000,2024-03-05T13:38:00Z,899-1-1-09,,device_not_recording
1709645940000,2024-03-05T13:39:00Z,899-1-1-09,,device_not_recording
1709646000000,2024-03-05T13:40:00Z,899-1-1-09,,device_not_recording
1709646060000,2024-03-05T13:41:00Z,899-1-1-09,,device_not_recording
1709646120000,2024-03-05T13:42:00Z,899-1-1-09,,device_not_recording
1709646180000,2024-03-05T13:43:00Z,899-1-1-09,,device_not_recording
1709646240000,2024-03-05T13:44:00Z,899-1-1-09,,device_not_recording
1709646300000,2024-03-05T13:45:00Z,899-1-1-09,,device_not_recording
1709646360000,2024-03-05T13:46:00Z,899-1-1-09,,device_not_recording
1709646420000,2024-03-05T13:47:00Z,899-1-1-09,,device_not_recording
1709646480000,2024-03-05T13:48:00Z,899-1-1-09,,device_not_recording
1709646540000,2024-03-05T13:49:00Z,899-1-1-09,,device_not_recording
1709646600000,2024-03-05T13:50:00Z,899-1-1-09,,device_not_recording
1709646660000,2024-03-05T13:51:00Z,899-1-1-09,,device_not_recording
1709646720000,2024-03-05T13:52:00Z,899-1-1-09,,device_not_recording
1709646780000,2024-03-05T13:53:00Z,899-1-1-09,,device_not_recording
1709646840000,2024-03-05T13:54:00Z,899-1-1-09,,device_not_recording
1709646900000,2024-03-05T13:55:00Z,899-1-1-09,,device_not_recording
1709646960000,2024-03-05T13:56:00Z,899-1-1-09,,device_not_recording
1709647020000,2024-03-05T13:57:00Z,899-1-1-09,,device_not_recording
1709647080000,2024-03-05T13:58:00Z,899-1-1-09,,device_not_recording
1709647140000,2024-03-05T13:59:00Z,899-1-1-09,,device_not_recording
1709647200000,2024-03-05T14:00:00Z,899-1-1-09,,device_not_recording
1709647260000,2024-03-05T14:01:00Z,899-1-1-09,,device_not_recording
1709647320000,2024-03-05T14:02:00Z,899-1-1-09,,device_not_recording
1709647380000,2024-03-05T14:03:00Z,899-1-1-09,,device_not_recording
1709647440000,2024-03-05T14:04:00Z,899-1-1-09,,device_not_recording
1709647500000,2024-03-05T14:05:00Z,899-1-1-09,,device_not_recording
1709647560000,2024-03-05T14:06:00Z,899-1-1-09,,device_not_recording
1709647620000,2024-03-05T14:07:00Z,899-1-1-09,,device_not_recording
1709647680000,2024-03-05T14:08:00Z,899-1-1-09,,device_not_recording
1709647740000,2024-03-05T14:09:00Z,899-1-1-09,,device_not_recording
1709647800000,2024-03-05T14:10:00Z,899-1-1-09,,device_not_recording
1709647860000,2024-03-05T14:11:00Z,899-1-1-09,,device_not_recording
1709647920000,2024-03-05T14:12:00Z,899-1-1-09,,device_not_recording
1709647980000,2024-03-05T14:13:00Z,899-1-1-09,,device_not_recording
1709648040000,2024-03-05T14:14:00Z,899-1-1-09,,device_not_recording
1709648100000,2024-03-05T14:15:00Z,899-1-1-09,,device_not_recording
1709648160000,2024-03-05T14:16:00Z,899-1-1-09,,device_not_recording
1709648220000,2024-03-05T14:17:00Z,899-1-1-09,,device_not_recording
1709648280000,2024-03-05T14:18:00Z,899-1-1-09,,device_not_recording
1709648340000,2024-03-05T14:19:00Z,899-1-1-09,,device_not_recording
1709648400000,2024-03-05T14:20:00Z,899-1-1-09,,device_not_recording
1709648460000,2024-03-05T14:21:00Z,899-1-1-09,,device_not_recording
1709648520000,2024-03-05T14:22:00Z,899-1-1-09,,device_not_recording
1709648580000,2024-03-05T14:23:00Z,899-1-1-09,,device_not_recording
1709648640000,2024-03-05T14:24:00Z,899-1-1-09,,device_not_recording
1709648700000,2024-03-05T14:25:00Z,899-1-1-09,,device_not_recording
1709648760000,2024-03-05T14:26:00Z,899-1-1-09,,device_not_recording
1709648820000,2024-03-05T14:27:00Z,899-1-1-09,,device_not_recording
1709648880000,2024-03-05T14:28:00Z,899-1-1-09,,device_not_recording
1709648940000,2024-03-05T14:29:00Z,899-1-1-09,,device_not_recording
1709649000000,2024-03-05T14:30:00Z,899-1-1-09,,device_not_recording
1709649060000,2024-03-05T14:31:00Z,899-1-1-09,,device_not_recording
1709649120000,2024-03-05T14:32:00Z,899-1-1-09,,device_not_recording
1709649180000,2024-03-05T14:33:00Z,899-1-1-09,,device_not_recording
1709649240000,2024-03-05T14:34:00Z,899-1-1-09,,device_not_recording
1709649300000,2024-03-05T14:35:00Z,899-1-1-09,,device_not_recording
1709649360000,2024-03-05T14:36:00Z,899-1-1-09,,device_not_recording
1709649420000,2024-03-05T14:37:00Z,899-1-1-09,,device_not_recording
1709649480000,2024-03-05T14:38:00Z,899-1-1-09,,device_not_recording
1709649540000,2024-03-05T14:39:00Z,899-1-1-09,,device_not_recording
1709649600000,2024-03-05T14:40:00Z,899-1-1-09,,device_not_recording
1709649660000,2024-03-05T14:41:00Z,899-1-1-09,,device_not_recording
1709649720000,2024-03-05T14:42:00Z,899-1-1-09,,device_not_recording
1709649780000,2024-03-05T14:43:00Z,899-1-1-09,,device_not_recording
1709649840000,2024-03-05T14:44:00Z,899-1-1-09,,device_not_recording
1709649900000,2024-03-05T14:45:00Z,899-1-1-09,,device_not_recording
1709649960000,2024-03-05T14:46:00Z,899-1-1-09,,device_not_recording
1709650020000,2024-03-05T14:47:00Z,899-1-1-09,,device_not_recording
1709650080000,2024-03-05T14:48:00Z,899-1-1-09,,device_not_recording
1709650140000,2024-03-05T14:49:00Z,899-1-1-09,,device_not_recording
1709650200000,2024-03-05T14:50:00Z,899-1-1-09,,device_not_recording
1709650260000,2024-03-05T14:51:00Z,899-1-1-09,,device_not_recording
1709650320000,2024-03-05T14:52:00Z,899-1-1-09,,device_not_recording
1709650380000,2024-03-05T14:53:00Z,899-1-1-09,,device_not_recording
1709650440000,2024-03-05T14:54:00Z,899-1-1-09,,device_not_recording
1709650500000,2024-03-05T14:55:00Z,899-1-1-09,,device_not_recording
1709650560000,2024-03-05T14:56:00Z,899-1-1-09,,device_not_recording
1709650620000,2024-03-05T14:57:00Z,899-1-1-09,,device_not_recording
1709650680000,2024-03-05T14:58:00Z,899-1-1-09,,device_not_recording
1709650740000,2024-03-05T14:59:00Z,899-1-1-09,,device_not_recording
1709650800000,2024-03-05T15:00:00Z,899-1-1-09,,device_not_recording
1709650860000,2024-03-05T15:01:00Z,899-1-1-09,,device_not_recording
1709650920000,2024-03-05T15:02:00Z,899-1-1-09,,device_not_recording
1709650980000,2024-03-05T15:03:00Z,899-1-1-09,,device_not_recording
1709651040000,2024-03-05T15:04:00Z,899-1-1-09,,device_not_recording
1709651100000,2024-03-05T15:05:00Z,899-1-1-09,,device_not_recording
1709651160000,2024-03-05T15:06:00Z,899-1-1-09,,device_not_recording
1709651220000,2024-03-05T15:07:00Z,899-1-1-09,,device_not_recording
1709651280000,2024-03-05T15:08:00Z,899-1-1-09,,device_not_recording
1709651340000,2024-03-05T15:09:00Z,899-1-1-09,,device_not_recording
1709651400000,2024-03-05T15:10:00Z,899-1-1-09,,device_not_recording
1709651460000,2024-03-05T15:11:00Z,899-1-1-09,,device_not_recording
1709651520000,2024-03-05T15:12:00Z,899-1-1-09,,device_not_recording
1709651580000,2024-03-05T15:13:00Z,899-1-1-09,,device_not_recording
1709651640000,2024-03-05T15:14:00Z,899-1-1-09,,device_not_recording
1709651700000,2024-03-05T15:15:00Z,899-1-1-09,,device_not_recording
1709651760000,2024-03-05T15:16:00Z,899-1-1-09,,device_not_recording
1709651820000,2024-03-05T15:17:00Z,899-1-1-09,,device_not_recording
1709651880000,2024-03-05T15:18:00Z,899-1-1-09,,device_not_recording
1709651940000,2024-03-05T15:19:00Z,899-1-1-09,,device_not_recording
1709652000000,2024-03-05T15:20:00Z,899-1-1-09,,device_not_recording
1709652060000,2024-03-05T15:21:00Z,899-1-1-09,,device_not_recording
1709652120000,2024-03-05T15:22:00Z,899-1-1-09,,device_not_recording
1709652180000,2024-03-05T15:23:00Z,899-1-1-09,,device_not_recording
1709652240000,2024-03-05T15:24:00Z,899-1-1-09,,device_not_recording
1709652300000,2024-03-05T15:25:00Z,899-1-1-09,,device_not_recording
1709652360000,2024-03-05T15:26:00Z,899-1-1-09,,device_not_recording
1709652420000,2024-03-05T15:27:00Z,899-1-1-09,,device_not_recording
1709652480000,2024-03-05T15:28:00Z,899-1-1-09,,device_not_recording
1709652540000,2024-03-05T15:29:00Z,899-1-1-09,,device_not_recording
1709652600000,2024-03-05T15:30:00Z,899-1-1-09,,device_not_recording
1709652660000,2024-03-05T15:31:00Z,899-1-1-09,,device_not_recording
1709652720000,2024-03-05T15:32:00Z,899-1-1-09,,device_not_recording
1709652780000,2024-03-05T15:33:00Z,899-1-1-09,,device_not_recording
1709652840000,2024-03-05T15:34:00Z,899-1-1-09,,device_not_recording
1709652900000,2024-03-05T15:35:00Z,899-1-1-09,,device_not_recording
1709652960000,2024-03-05T15:36:00Z,899-1-1-09,,device_not_recording
1709653020000,2024-03-05T15:37:00Z,899-1-1-09,,device_not_recording
1709653080000,2024-03-05T15:38:00Z,899-1-1-09,,device_not_recording
1709653140000,2024-03-05T15:39:00Z,899-1-1-09,,device_not_recording
1709653200000,2024-03-05T15:40:00Z,899-1-1-09,,device_not_recording
1709653260000,2024-03-05T15:41:00Z,899-1-1-09,,device_not_recording
1709653320000,2024-03-05T15:42:00Z,899-1-1-09,,device_not_recording
1709653380000,2024-03-05T15:43:00Z,899-1-1-09,,device_not_recording
1709653440000,2024-03-05T15:44:00Z,899-1-1-09,,device_not_recording
1709653500000,2024-03-05T15:45:00Z,899-1-1-09,,device_not_recording
1709653560000,2024-03-05T15:46:00Z,899-1-1-09,,device_not_recording
1709653620000,2024-03-05T15:47:00Z,899-1-1-09,,device_not_recording
1709653680000,2024-03-05T15:48:00Z,899-1-1-09,,device_not_recording
1709653740000,2024-03-05T15:49:00Z,899-1-1-09,,device_not_recording
1709653800000,2024-03-05T15:50:00Z,899-1-1-09,,device_not_recording
1709653860000,2024-03-05T15:51:00Z,899-1-1-09,,device_not_recording
1709653920000,2024-03-05T15:52:00Z,899-1-1-09,,device_not_recording
1709653980000,2024-03-05T15:53:00Z,899-1-1-09,,device_not_recording
1709654040000,2024-03-05T15:54:00Z,899-1-1-09,,device_not_recording
1709654100000,2024-03-05T15:55:00Z,899-1-1-09,,device_not_recording
1709654160000,2024-03-05T15:56:00Z,899-1-1-09,,device_not_recording
1709654220000,2024-03-05T15:57:00Z,899-1-1-09,,device_not_recording
1709654280000,2024-03-05T15:58:00Z,899-1-1-09,,device_not_recording
1709654340000,2024-03-05T15:59:00Z,899-1-1-09,,device_not_recording
1709654400000,2024-03-05T16:00:00Z,899-1-1-09,,device_not_recording
1709654460000,2024-03-05T16:01:00Z,899-1-1-09,,device_not_recording
1709654520000,2024-03-05T16:02:00Z,899-1-1-09,,device_not_recording
1709654580000,2024-03-05T16:03:00Z,899-1-1-09,,device_not_recording
1709654640000,2024-03-05T16:04:00Z,899-1-1-09,,device_not_recording
1709654700000,2024-03-05T16:05:00Z,899-1-1-09,,device_not_recording
1709654760000,2024-03-05T16:06:00Z,899-1-1-09,,device_not_recording
1709654820000,2024-03-05T16:07:00Z,899-1-1-09,,device_not_recording
1709654880000,2024-03-05T16:08:00Z,899-1-1-09,,device_not_recording
1709654940000,2024-03-05T16:09:00Z,899-1-1-09,,device_not_recording
1709655000000,2024-03-05T16:10:00Z,899-1-1-09,,device_not_recording
1709655060000,2024-03-05T16:11:00Z,899-1-1-09,,device_not_recording
1709655120000,2024-03-05T16:12:00Z,899-1-1-09,,device_not_recording
1709655180000,2024-03-05T16:13:00Z,899-1-1-09,,device_not_recording
1709655240000,2024-03-05T16:14:00Z,899-1-1-09,,device_not_recording
1709655300000,2024-03-05T16:15:00Z,899-1-1-09,,device_not_recording
1709655360000,2024-03-05T16:16:00Z,899-1-1-09,,device_not_recording
1709655420000,2024-03-05T16:17:00Z,899-1-1-09,,device_not_recording
1709655480000,2024-03-05T16:18:00Z,899-1-1-09,,device_not_recording
1709655540000,2024-03-05T16:19:00Z,899-1-1-09,,device_not_recording
1709655600000,2024-03-05T16:20:00Z,899-1-1-09,,device_not_recording
1709655660000,2024-03-05T16:21:00Z,899-1-1-09,,device_not_recording
1709655720000,2024-03-05T16:22:00Z,899-1-1-09,,device_not_recording
1709655780000,2024-03-05T16:23:00Z,899-1-1-09,,device_not_recording
1709655840000,2024-03-05T16:24:00Z,899-1-1-09,,device_not_recording
1709655900000,2024-03-05T16:25:00Z,899-1-1-09,,device_not_recording
1709655960000,2024-03-05T16:26:00Z,899-1-1-09,,device_not_recording
1709656020000,2024-03-05T16:27:00Z,899-1-1-09,,device_not_recording
1709656080000,2024-03-05T16:28:00Z,899-1-1-09,,device_not_recording
1709656140000,2024-03-05T16:29:00Z,899-1-1-09,,device_not_recording
1709656200000,2024-03-05T16:30:00Z,899-1-1-09,,device_not_recording
1709656260000,2024-03-05T16:31:00Z,899-1-1-09,,device_not_recording
1709656320000,2024-03-05T16:32:00Z,899-1-1-09,,device_not_recording
1709656380000,2024-03-05T16:33:00Z,899-1-1-09,,device_not_recording
1709656440000,2024-03-05T16:34:00Z,899-1-1-09,,device_not_recording
1709656500000,2024-03-05T16:35:00Z,899-1-1-09,,device_not_recording
1709656560000,2024-03-05T16:36:00Z,899-1-1-09,,device_not_recording
1709656620000,2024-03-05T16:37:00Z,899-1-1-09,,device_not_recording
1709656680000,2024-03-05T16:38:00Z,899-1-1-09,,device_not_recording
1709656740000,2024-03-05T16:39:00Z,899-1-1-09,,device_not_recording
1709656800000,2024-03-05T16:40:00Z,899-1-1-09,,device_not_recording
1709656860000,2024-03-05T16:41:00Z,899-1-1-09,,device_not_recording
1709656920000,2024-03-05T16:42:00Z,899-1-1-09,,device_not_recording
1709656980000,2024-03-05T16:43:00Z,899-1-1-09,,device_not_recording
1709657040000,2024-03-05T16:44:00Z,899-1-1-09,,device_not_recording
1709657100000,2024-03-05T16:45:00Z,899-1-1-09,,device_not_recording
1709657160000,2024-03-05T16:46:00Z,899-1-1-09,,device_not_recording
1709657220000,2024-03-05T16:47:00Z,899-1-1-09,,device_not_recording
1709657280000,2024-03-05T16:48:00Z,899-1-1-09,,device_not_recording
1709657340000,2024-03-05T16:49:00Z,899-1-1-09,,device_not_recording
1709657400000,2024-03-05T16:50:00Z,899-1-1-09,,device_not_recording
1709657460000,2024-03-05T16:51:00Z,899-1-1-09,,device_not_recording
1709657520000,2024-03-05T16:52:00Z,899-1-1-09,,device_not_recording
1709657580000,2024-03-05T16:53:00Z,899-1-1-09,,device_not_recording
1709657640000,2024-03-05T16:54:00Z,899-1-1-09,,device_not_recording
1709657700000,2024-03-05T16:55:00Z,899-1-1-09,,device_not_recording
1709657760000,2024-03-05T16:56:00Z,899-1-1-09,,device_not_recording
1709657820000,2024-03-05T16:57:00Z,899-1-1-09,,device_not_recording
1709657880000,2024-03-05T16:58:00Z,899-1-1-09,,device_not_recording
1709657940000,2024-03-05T16:59:00Z,899-1-1-09,,device_not_recording
1709658000000,2024-03-05T17:00:00Z,899-1-1-09,,device_not_recording
1709658060000,2024-03-05T17:01:00Z,899-1-1-09,,device_not_recording
1709658120000,2024-03-05T17:02:00Z,899-1-1-09,,device_not_recording
1709658180000,2024-03-05T17:03:00Z,899-1-1-09,,device_not_recording
1709658240000,2024-03-05T17:04:00Z,899-1-1-09,,device_not_recording
1709658300000,2024-03-05T17:05:00Z,899-1-1-09,,device_not_recording
1709658360000,2024-03-05T17:06:00Z,899-1-1-09,,device_not_recording
1709658420000,2024-03-05T17:07:00Z,899-1-1-09,,device_not_recording
1709658480000,2024-03-05T17:08:00Z,899-1-1-09,,device_not_recording
1709658540000,2024-03-05T17:09:00Z,899-1-1-09,,device_not_recording
1709658600000,2024-03-05T17:10:00Z,899-1-1-09,,device_not_recording
1709658660000,2024-03-05T17:11:00Z,899-1-1-09,,device_not_recording
1709658720000,2024-03-05T17:12:00Z,899-1-1-09,,device_not_recording
1709658780000,2024-03-05T17:13:00Z,899-1-1-09,,device_not_recording
1709658840000,2024-03-05T17:14:00Z,899-1-1-09,,device_not_recording
1709658900000,2024-03-05T17:15:00Z,899-1-1-09,,device_not_recording
1709658960000,2024-03-05T17:16:00Z,899-1-1-09,,device_not_recording
1709659020000,2024-03-05T17:17:00Z,899-1-1-09,,device_not_recording
1709659080000,2024-03-05T17:18:00Z,899-1-1-09,,device_not_recording
1709659140000,2024-03-05T17:19:00Z,899-1-1-09,,device_not_recording
1709659200000,2024-03-05T17:20:00Z,899-1-1-09,,device_not_recording
1709659260000,2024-03-05T17:21:00Z,899-1-1-09,,device_not_recording
1709659320000,2024-03-05T17:22:00Z,899-1-1-09,,device_not_recording
1709659380000,2024-03-05T17:23:00Z,899-1-1-09,,device_not_recording
1709659440000,2024-03-05T17:24:00Z,899-1-1-09,,device_not_recording
1709659500000,2024-03-05T17:25:00Z,899-1-1-09,,device_not_recording
1709659560000,2024-03-05T17:26:00Z,899-1-1-09,,device_not_recording
1709659620000,2024-03-05T17:27:00Z,899-1-1-09,,device_not_recording
1709659680000,2024-03-05T17:28:00Z,899-1-1-09,,device_not_recording
1709659740000,2024-03-05T17:29:00Z,899-1-1-09,,device_not_recording
1709659800000,2024-03-05T17:30:00Z,899-1-1-09,,device_not_recording
1709659860000,2024-03-05T17:31:00Z,899-1-1-09,,device_not_recording
1709659920000,2024-03-05T17:32:00Z,899-1-1-09,,device_not_recording
1709659980000,2024-03-05T17:33:00Z,899-1-1-09,,device_not_recording
1709660040000,2024-03-05T17:34:00Z,899-1-1-09,,device_not_recording
1709660100000,2024-03-05T17:35:00Z,899-1-1-09,,device_not_worn_correctly
1709660160000,2024-03-05T17:36:00Z,899-1-1-09,0.031,
1709660220000,2024-03-05T17:37:00Z,899-1-1-09,0.002,
1709660280000,2024-03-05T17:38:00Z,899-1-1-09,0.038,
1709660340000,2024-03-05T17:39:00Z,899-1-1-09,0.04,
1709660400000,2024-03-05T17:40:00Z,899-1-1-09,0.041,
1709660460000,2024-03-05T17:41:00Z,899-1-1-09,0.081,
1709660520000,2024-03-05T17:42:00Z,899-1-1-09,0.028,
1709660580000,2024-03-05T17:43:00Z,899-1-1-09,0.052,
1709660640000,2024-03-05T17:44:00Z,899-1-1-09,0.002,
1709660700000,2024-03-05T17:45:00Z,899-1-1-09,0.013,
1709660760000,2024-03-05T17:46:00Z,899-1-1-09,0.032,
1709660820000,2024-03-05T17:47:00Z,899-1-1-09,0.039,
1709660880000,2024-03-05T17:48:00Z,899-1-1-09,0.037,
1709660940000,2024-03-05T17:49:00Z,899-1-1-09,0.053,
1709661000000,2024-03-05T17:50:00Z,899-1-1-09,0.044,
1709661060000,2024-03-05T17:51:00Z,899-1-1-09,0.03,
1709661120000,2024-03-05T17:52:00Z,899-1-1-09,0.025,
1709661180000,2024-03-05T17:53:00Z,899-1-1-09,,device_not_recording
1709661240000,2024-03-05T17:54:00Z,899-1-1-09,,device_not_recording
1709661300000,2024-03-05T17:55:00Z,899-1-1-09,,device_not_recording
1709661360000,2024-03-05T17:56:00Z,899-1-1-09,,device_not_recording
1709661420000,2024-03-05T17:57:00Z,899-1-1-09,,device_not_recording
1709661480000,2024-03-05T17:58:00Z,899-1-1-09,,device_not_recording
1709661540000,2024-03-05T17:59:00Z,899-1-1-09,,device_not_recording
1709661600000,2024-03-05T18:00:00Z,899-1-1-09,,device_not_recording
1709661660000,2024-03-05T18:01:00Z,899-1-1-09,,device_not_recording
1709661720000,2024-03-05T18:02:00Z,899-1-1-09,,device_not_recording
1709661780000,2024-03-05T18:03:00Z,899-1-1-09,,device_not_recording
1709661840000,2024-03-05T18:04:00Z,899-1-1-09,,device_not_recording
1709661900000,2024-03-05T18:05:00Z,899-1-1-09,,device_not_recording
1709661960000,2024-03-05T18:06:00Z,899-1-1-09,,device_not_recording
1709662020000,2024-03-05T18:07:00Z,899-1-1-09,,device_not_recording
1709662080000,2024-03-05T18:08:00Z,899-1-1-09,,device_not_recording
1709662140000,2024-03-05T18:09:00Z,899-1-1-09,,device_not_recording
1709662200000,2024-03-05T18:10:00Z,899-1-1-09,,device_not_recording
1709662260000,2024-03-05T18:11:00Z,899-1-1-09,,device_not_recording
1709662320000,2024-03-05T18:12:00Z,899-1-1-09,,device_not_recording
1709662380000,2024-03-05T18:13:00Z,899-1-1-09,,device_not_recording
1709662440000,2024-03-05T18:14:00Z,899-1-1-09,,device_not_recording
1709662500000,2024-03-05T18:15:00Z,899-1-1-09,,device_not_recording
1709662560000,2024-03-05T18:16:00Z,899-1-1-09,,device_not_recording
1709662620000,2024-03-05T18:17:00Z,899-1-1-09,,device_not_recording
1709662680000,2024-03-05T18:18:00Z,899-1-1-09,,device_not_recording
1709662740000,2024-03-05T18:19:00Z,899-1-1-09,,device_not_recording
1709662800000,2024-03-05T18:20:00Z,899-1-1-09,,device_not_recording
1709662860000,2024-03-05T18:21:00Z,899-1-1-09,,device_not_recording
1709662920000,2024-03-05T18:22:00Z,899-1-1-09,,device_not_recording
1709662980000,2024-03-05T18:23:00Z,899-1-1-09,,device_not_recording
1709663040000,2024-03-05T18:24:00Z,899-1-1-09,,device_not_recording
1709663100000,2024-03-05T18:25:00Z,899-1-1-09,,device_not_recording
1709663160000,2024-03-05T18:26:00Z,899-1-1-09,,device_not_recording
1709663220000,2024-03-05T18:27:00Z,899-1-1-09,,device_not_recording
1709663280000,2024-03-05T18:28:00Z,899-1-1-09,,device_not_recording
1709663340000,2024-03-05T18:29:00Z,899-1-1-09,,device_not_recording
1709663400000,2024-03-05T18:30:00Z,899-1-1-09,,device_not_recording
1709663460000,2024-03-05T18:31:00Z,899-1-1-09,,device_not_recording
1709663520000,2024-03-05T18:32:00Z,899-1-1-09,,device_not_recording
1709663580000,2024-03-05T18:33:00Z,899-1-1-09,,device_not_recording
1709663640000,2024-03-05T18:34:00Z,899-1-1-09,,device_not_recording
1709663700000,2024-03-05T18:35:00Z,899-1-1-09,,device_not_recording
1709663760000,2024-03-05T18:36:00Z,899-1-1-09,,device_not_recording
1709663820000,2024-03-05T18:37:00Z,899-1-1-09,,device_not_recording
1709663880000,2024-03-05T18:38:00Z,899-1-1-09,,device_not_recording
1709663940000,2024-03-05T18:39:00Z,899-1-1-09,,device_not_recording
1709664000000,2024-03-05T18:40:00Z,899-1-1-09,,device_not_recording
1709664060000,2024-03-05T18:41:00Z,899-1-1-09,,device_not_recording
1709664120000,2024-03-05T18:42:00Z,899-1-1-09,,device_not_recording
1709664180000,2024-03-05T18:43:00Z,899-1-1-09,,device_not_recording
1709664240000,2024-03-05T18:44:00Z,899-1-1-09,,device_not_recording
1709664300000,2024-03-05T18:45:00Z,899-1-1-09,,device_not_recording
1709664360000,2024-03-05T18:46:00Z,899-1-1-09,,device_not_recording
1709664420000,2024-03-05T18:47:00Z,899-1-1-09,,device_not_recording
1709664480000,2024-03-05T18:48:00Z,899-1-1-09,,device_not_recording
1709664540000,2024-03-05T18:49:00Z,899-1-1-09,,device_not_recording
1709664600000,2024-03-05T18:50:00Z,899-1-1-09,,device_not_recording
1709664660000,2024-03-05T18:51:00Z,899-1-1-09,,device_not_recording
1709664720000,2024-03-05T18:52:00Z,899-1-1-09,,device_not_recording
1709664780000,2024-03-05T18:53:00Z,899-1-1-09,,device_not_recording
1709664840000,2024-03-05T18:54:00Z,899-1-1-09,,device_not_recording
1709664900000,2024-03-05T18:55:00Z,899-1-1-09,,device_not_recording
1709664960000,2024-03-05T18:56:00Z,899-1-1-09,,device_not_recording
1709665020000,2024-03-05T18:57:00Z,899-1-1-09,,device_not_recording
1709665080000,2024-03-05T18:58:00Z,899-1-1-09,,device_not_recording
1709665140000,2024-03-05T18:59:00Z,899-1-1-09,,device_not_recording
1709665200000,2024-03-05T19:00:00Z,899-1-1-09,,device_not_recording
1709665260000,2024-03-05T19:01:00Z,899-1-1-09,,device_not_recording
1709665320000,2024-03-05T19:02:00Z,899-1-1-09,,device_not_recording
1709665380000,2024-03-05T19:03:00Z,899-1-1-09,,device_not_recording
1709665440000,2024-03-05T19:04:00Z,899-1-1-09,,device_not_recording
1709665500000,2024-03-05T19:05:00Z,899-1-1-09,,device_not_recording
1709665560000,2024-03-05T19:06:00Z,899-1-1-09,,device_not_recording
1709665620000,2024-03-05T19:07:00Z,899-1-1-09,,device_not_recording
1709665680000,2024-03-05T19:08:00Z,899-1-1-09,,device_not_recording
1709665740000,2024-03-05T19:09:00Z,899-1-1-09,,device_not_recording
1709665800000,2024-03-05T19:10:00Z,899-1-1-09,,device_not_recording
1709665860000,2024-03-05T19:11:00Z,899-1-1-09,,device_not_recording
1709665920000,2024-03-05T19:12:00Z,899-1-1-09,,device_not_recording
1709665980000,2024-03-05T19:13:00Z,899-1-1-09,,device_not_recording
1709666040000,2024-03-05T19:14:00Z,899-1-1-09,,device_not_recording
1709666100000,2024-03-05T19:15:00Z,899-1-1-09,,device_not_recording
1709666160000,2024-03-05T19:16:00Z,899-1-1-09,,device_not_recording
1709666220000,2024-03-05T19:17:00Z,899-1-1-09,,device_not_recording
1709666280000,2024-03-05T19:18:00Z,899-1-1-09,,device_not_recording
1709666340000,2024-03-05T19:19:00Z,899-1-1-09,,device_not_recording
1709666400000,2024-03-05T19:20:00Z,899-1-1-09,,device_not_recording
1709666460000,2024-03-05T19:21:00Z,899-1-1-09,,device_not_recording
1709666520000,2024-03-05T19:22:00Z,899-1-1-09,,device_not_recording
1709666580000,2024-03-05T19:23:00Z,899-1-1-09,,device_not_recording
1709666640000,2024-03-05T19:24:00Z,899-1-1-09,,device_not_recording
1709666700000,2024-03-05T19:25:00Z,899-1-1-09,,device_not_recording
1709666760000,2024-03-05T19:26:00Z,899-1-1-09,,device_not_recording
1709666820000,2024-03-05T19:27:00Z,899-1-1-09,,device_not_recording
1709666880000,2024-03-05T19:28:00Z,899-1-1-09,,device_not_recording
1709666940000,2024-03-05T19:29:00Z,899-1-1-09,,device_not_recording
1709667000000,2024-03-05T19:30:00Z,899-1-1-09,,device_not_recording
1709667060000,2024-03-05T19:31:00Z,899-1-1-09,,device_not_recording
1709667120000,2024-03-05T19:32:00Z,899-1-1-09,,device_not_recording
1709667180000,2024-03-05T19:33:00Z,899-1-1-09,,device_not_recording
1709667240000,2024-03-05T19:34:00Z,899-1-1-09,,device_not_recording
1709667300000,2024-03-05T19:35:00Z,899-1-1-09,,device_not_recording
1709667360000,2024-03-05T19:36:00Z,899-1-1-09,,device_not_recording
1709667420000,2024-03-05T19:37:00Z,899-1-1-09,,device_not_recording
1709667480000,2024-03-05T19:38:00Z,899-1-1-09,,device_not_recording
1709667540000,2024-03-05T19:39:00Z,899-1-1-09,,device_not_recording
1709667600000,2024-03-05T19:40:00Z,899-1-1-09,,device_not_recording
1709667660000,2024-03-05T19:41:00Z,899-1-1-09,,device_not_recording
1709667720000,2024-03-05T19:42:00Z,899-1-1-09,,device_not_recording
1709667780000,2024-03-05T19:43:00Z,899-1-1-09,,device_not_recording
1709667840000,2024-03-05T19:44:00Z,899-1-1-09,,device_not_recording
1709667900000,2024-03-05T19:45:00Z,899-1-1-09,,device_not_recording
1709667960000,2024-03-05T19:46:00Z,899-1-1-09,,device_not_recording
1709668020000,2024-03-05T19:47:00Z,899-1-1-09,,device_not_recording
1709668080000,2024-03-05T19:48:00Z,899-1-1-09,,device_not_recording
1709668140000,2024-03-05T19:49:00Z,899-1-1-09,,device_not_recording
1709668200000,2024-03-05T19:50:00Z,899-1-1-09,,device_not_recording
1709668260000,2024-03-05T19:51:00Z,899-1-1-09,,device_not_recording
1709668320000,2024-03-05T19:52:00Z,899-1-1-09,,device_not_recording
1709668380000,2024-03-05T19:53:00Z,899-1-1-09,,device_not_recording
1709668440000,2024-03-05T19:54:00Z,899-1-1-09,,device_not_recording
1709668500000,2024-03-05T19:55:00Z,899-1-1-09,,device_not_recording
1709668560000,2024-03-05T19:56:00Z,899-1-1-09,,device_not_recording
1709668620000,2024-03-05T19:57:00Z,899-1-1-09,,device_not_recording
1709668680000,2024-03-05T19:58:00Z,899-1-1-09,,device_not_recording
1709668740000,2024-03-05T19:59:00Z,899-1-1-09,,device_not_recording
1709668800000,2024-03-05T20:00:00Z,899-1-1-09,,device_not_recording
1709668860000,2024-03-05T20:01:00Z,899-1-1-09,,device_not_recording
1709668920000,2024-03-05T20:02:00Z,899-1-1-09,,device_not_recording
1709668980000,2024-03-05T20:03:00Z,899-1-1-09,,device_not_recording
1709669040000,2024-03-05T20:04:00Z,899-1-1-09,,device_not_recording
1709669100000,2024-03-05T20:05:00Z,899-1-1-09,,device_not_recording
1709669160000,2024-03-05T20:06:00Z,899-1-1-09,,device_not_recording
1709669220000,2024-03-05T20:07:00Z,899-1-1-09,,device_not_recording
1709669280000,2024-03-05T20:08:00Z,899-1-1-09,,device_not_recording
1709669340000,2024-03-05T20:09:00Z,899-1-1-09,,device_not_recording
1709669400000,2024-03-05T20:10:00Z,899-1-1-09,,device_not_recording
1709669460000,2024-03-05T20:11:00Z,899-1-1-09,,device_not_recording
1709669520000,2024-03-05T20:12:00Z,899-1-1-09,,device_not_recording
1709669580000,2024-03-05T20:13:00Z,899-1-1-09,,device_not_recording
1709669640000,2024-03-05T20:14:00Z,899-1-1-09,,device_not_recording
1709669700000,2024-03-05T20:15:00Z,899-1-1-09,,device_not_recording
1709669760000,2024-03-05T20:16:00Z,899-1-1-09,,device_not_recording
1709669820000,2024-03-05T20:17:00Z,899-1-1-09,,device_not_recording
1709669880000,2024-03-05T20:18:00Z,899-1-1-09,,device_not_recording
1709669940000,2024-03-05T20:19:00Z,899-1-1-09,,device_not_recording
1709670000000,2024-03-05T20:20:00Z,899-1-1-09,,device_not_recording
1709670060000,2024-03-05T20:21:00Z,899-1-1-09,,device_not_recording
1709670120000,2024-03-05T20:22:00Z,899-1-1-09,,device_not_recording
1709670180000,2024-03-05T20:23:00Z,899-1-1-09,,device_not_recording
1709670240000,2024-03-05T20:24:00Z,899-1-1-09,,device_not_recording
1709670300000,2024-03-05T20:25:00Z,899-1-1-09,,device_not_recording
1709670360000,2024-03-05T20:26:00Z,899-1-1-09,,device_not_recording
1709670420000,2024-03-05T20:27:00Z,899-1-1-09,,device_not_recording
1709670480000,2024-03-05T20:28:00Z,899-1-1-09,,device_not_recording
1709670540000,2024-03-05T20:29:00Z,899-1-1-09,,device_not_recording
1709670600000,2024-03-05T20:30:00Z,899-1-1-09,,device_not_recording
1709670660000,2024-03-05T20:31:00Z,899-1-1-09,,device_not_recording
1709670720000,2024-03-05T20:32:00Z,899-1-1-09,,device_not_recording
1709670780000,2024-03-05T20:33:00Z,899-1-1-09,,device_not_recording
1709670840000,2024-03-05T20:34:00Z,899-1-1-09,,device_not_recording
1709670900000,2024-03-05T20:35:00Z,899-1-1-09,,device_not_recording
1709670960000,2024-03-05T20:36:00Z,899-1-1-09,,device_not_recording
1709671020000,2024-03-05T20:37:00Z,899-1-1-09,,device_not_recording
1709671080000,2024-03-05T20:38:00Z,899-1-1-09,,device_not_recording
1709671140000,2024-03-05T20:39:00Z,899-1-1-09,,device_not_recording
1709671200000,2024-03-05T20:40:00Z,899-1-1-09,,device_not_recording
1709671260000,2024-03-05T20:41:00Z,899-1-1-09,,device_not_recording
1709671320000,2024-03-05T20:42:00Z,899-1-1-09,,device_not_recording
1709671380000,2024-03-05T20:43:00Z,899-1-1-09,,device_not_recording
1709671440000,2024-03-05T20:44:00Z,899-1-1-09,,device_not_recording
1709671500000,2024-03-05T20:45:00Z,899-1-1-09,,device_not_recording
1709671560000,2024-03-05T20:46:00Z,899-1-1-09,,device_not_recording
1709671620000,2024-03-05T20:47:00Z,899-1-1-09,,device_not_recording
1709671680000,2024-03-05T20:48:00Z,899-1-1-09,,device_not_recording
1709671740000,2024-03-05T20:49:00Z,899-1-1-09,,device_not_recording
1709671800000,2024-03-05T20:50:00Z,899-1-1-09,,device_not_recording
1709671860000,2024-03-05T20:51:00Z,899-1-1-09,,device_not_recording
1709671920000,2024-03-05T20:52:00Z,899-1-1-09,,device_not_recording
1709671980000,2024-03-05T20:53:00Z,899-1-1-09,,device_not_recording
1709672040000,2024-03-05T20:54:00Z,899-1-1-09,,device_not_recording
1709672100000,2024-03-05T20:55:00Z,899-1-1-09,,device_not_recording
1709672160000,2024-03-05T20:56:00Z,899-1-1-09,,device_not_recording
1709672220000,2024-03-05T20:57:00Z,899-1-1-09,,device_not_recording
1709672280000,2024-03-05T20:58:00Z,899-1-1-09,,device_not_recording
1709672340000,2024-03-05T20:59:00Z,899-1-1-09,,device_not_recording
1709672400000,2024-03-05T21:00:00Z,899-1-1-09,,device_not_recording
1709672460000,2024-03-05T21:01:00Z,899-1-1-09,,device_not_recording
1709672520000,2024-03-05T21:02:00Z,899-1-1-09,,device_not_recording
1709672580000,2024-03-05T21:03:00Z,899-1-1-09,,device_not_recording
1709672640000,2024-03-05T21:04:00Z,899-1-1-09,,device_not_recording
1709672700000,2024-03-05T21:05:00Z,899-1-1-09,,device_not_recording
1709672760000,2024-03-05T21:06:00Z,899-1-1-09,,device_not_recording
1709672820000,2024-03-05T21:07:00Z,899-1-1-09,,device_not_recording
1709672880000,2024-03-05T21:08:00Z,899-1-1-09,,device_not_recording
1709672940000,2024-03-05T21:09:00Z,899-1-1-09,,device_not_recording
1709673000000,2024-03-05T21:10:00Z,899-1-1-09,,device_not_recording
1709673060000,2024-03-05T21:11:00Z,899-1-1-09,,device_not_recording
1709673120000,2024-03-05T21:12:00Z,899-1-1-09,,device_not_recording
1709673180000,2024-03-05T21:13:00Z,899-1-1-09,,device_not_recording
1709673240000,2024-03-05T21:14:00Z,899-1-1-09,,device_not_recording
1709673300000,2024-03-05T21:15:00Z,899-1-1-09,,device_not_recording
1709673360000,2024-03-05T21:16:00Z,899-1-1-09,,device_not_recording
1709673420000,2024-03-05T21:17:00Z,899-1-1-09,,device_not_recording
1709673480000,2024-03-05T21:18:00Z,899-1-1-09,,device_not_recording
1709673540000,2024-03-05T21:19:00Z,899-1-1-09,,device_not_recording
1709673600000,2024-03-05T21:20:00Z,899-1-1-09,,device_not_recording
1709673660000,2024-03-05T21:21:00Z,899-1-1-09,,device_not_recording
1709673720000,2024-03-05T21:22:00Z,899-1-1-09,,device_not_recording
1709673780000,2024-03-05T21:23:00Z,899-1-1-09,,device_not_recording
1709673840000,2024-03-05T21:24:00Z,899-1-1-09,,device_not_recording
1709673900000,2024-03-05T21:25:00Z,899-1-1-09,,device_not_recording
1709673960000,2024-03-05T21:26:00Z,899-1-1-09,,device_not_recording
1709674020000,2024-03-05T21:27:00Z,899-1-1-09,,device_not_recording
1709674080000,2024-03-05T21:28:00Z,899-1-1-09,,device_not_recording
1709674140000,2024-03-05T21:29:00Z,899-1-1-09,,device_not_recording
1709674200000,2024-03-05T21:30:00Z,899-1-1-09,,device_not_recording
1709674260000,2024-03-05T21:31:00Z,899-1-1-09,,device_not_recording
1709674320000,2024-03-05T21:32:00Z,899-1-1-09,,device_not_recording
1709674380000,2024-03-05T21:33:00Z,899-1-1-09,,device_not_recording
1709674440000,2024-03-05T21:34:00Z,899-1-1-09,,device_not_recording
1709674500000,2024-03-05T21:35:00Z,899-1-1-09,,device_not_recording
1709674560000,2024-03-05T21:36:00Z,899-1-1-09,,device_not_recording
1709674620000,2024-03-05T21:37:00Z,899-1-1-09,,device_not_recording
1709674680000,2024-03-05T21:38:00Z,899-1-1-09,,device_not_recording
1709674740000,2024-03-05T21:39:00Z,899-1-1-09,,device_not_recording
1709674800000,2024-03-05T21:40:00Z,899-1-1-09,,device_not_recording
1709674860000,2024-03-05T21:41:00Z,899-1-1-09,,device_not_recording
1709674920000,2024-03-05T21:42:00Z,899-1-1-09,,device_not_recording
1709674980000,2024-03-05T21:43:00Z,899-1-1-09,,device_not_recording
1709675040000,2024-03-05T21:44:00Z,899-1-1-09,,device_not_recording
1709675100000,2024-03-05T21:45:00Z,899-1-1-09,,device_not_recording
1709675160000,2024-03-05T21:46:00Z,899-1-1-09,,device_not_recording
1709675220000,2024-03-05T21:47:00Z,899-1-1-09,,device_not_recording
1709675280000,2024-03-05T21:48:00Z,899-1-1-09,,device_not_recording
1709675340000,2024-03-05T21:49:00Z,899-1-1-09,,device_not_recording
1709675400000,2024-03-05T21:50:00Z,899-1-1-09,,device_not_recording
1709675460000,2024-03-05T21:51:00Z,899-1-1-09,,device_not_recording
1709675520000,2024-03-05T21:52:00Z,899-1-1-09,,device_not_recording
1709675580000,2024-03-05T21:53:00Z,899-1-1-09,,device_not_recording
1709675640000,2024-03-05T21:54:00Z,899-1-1-09,,device_not_recording
1709675700000,2024-03-05T21:55:00Z,899-1-1-09,,device_not_recording
1709675760000,2024-03-05T21:56:00Z,899-1-1-09,,device_not_recording
1709675820000,2024-03-05T21:57:00Z,899-1-1-09,,device_not_recording
1709675880000,2024-03-05T21:58:00Z,899-1-1-09,,device_not_recording
1709675940000,2024-03-05T21:59:00Z,899-1-1-09,,device_not_recording
1709676000000,2024-03-05T22:00:00Z,899-1-1-09,,device_not_recording
1709676060000,2024-03-05T22:01:00Z,899-1-1-09,,device_not_recording
1709676120000,2024-03-05T22:02:00Z,899-1-1-09,,device_not_recording
1709676180000,2024-03-05T22:03:00Z,899-1-1-09,,device_not_recording
1709676240000,2024-03-05T22:04:00Z,899-1-1-09,,device_not_recording
1709676300000,2024-03-05T22:05:00Z,899-1-1-09,,device_not_recording
1709676360000,2024-03-05T22:06:00Z,899-1-1-09,,device_not_recording
1709676420000,2024-03-05T22:07:00Z,899-1-1-09,,device_not_recording
1709676480000,2024-03-05T22:08:00Z,899-1-1-09,,device_not_recording
1709676540000,2024-03-05T22:09:00Z,899-1-1-09,,device_not_recording
1709676600000,2024-03-05T22:10:00Z,899-1-1-09,,device_not_recording
1709676660000,2024-03-05T22:11:00Z,899-1-1-09,,device_not_recording
1709676720000,2024-03-05T22:12:00Z,899-1-1-09,,device_not_recording
1709676780000,2024-03-05T22:13:00Z,899-1-1-09,,device_not_recording
1709676840000,2024-03-05T22:14:00Z,899-1-1-09,,device_not_recording
1709676900000,2024-03-05T22:15:00Z,899-1-1-09,,device_not_recording
1709676960000,2024-03-05T22:16:00Z,899-1-1-09,,device_not_recording
1709677020000,2024-03-05T22:17:00Z,899-1-1-09,,device_not_recording
1709677080000,2024-03-05T22:18:00Z,899-1-1-09,,device_not_recording
1709677140000,2024-03-05T22:19:00Z,899-1-1-09,,device_not_recording
1709677200000,2024-03-05T22:20:00Z,899-1-1-09,,device_not_recording
1709677260000,2024-03-05T22:21:00Z,899-1-1-09,,device_not_recording
1709677320000,2024-03-05T22:22:00Z,899-1-1-09,,device_not_recording
1709677380000,2024-03-05T22:23:00Z,899-1-1-09,,device_not_recording
1709677440000,2024-03-05T22:24:00Z,899-1-1-09,,device_not_recording
1709677500000,2024-03-05T22:25:00Z,899-1-1-09,,device_not_recording
1709677560000,2024-03-05T22:26:00Z,899-1-1-09,,device_not_recording
1709677620000,2024-03-05T22:27:00Z,899-1-1-09,,device_not_recording
1709677680000,2024-03-05T22:28:00Z,899-1-1-09,,device_not_recording
1709677740000,2024-03-05T22:29:00Z,899-1-1-09,,device_not_recording
1709677800000,2024-03-05T22:30:00Z,899-1-1-09,,device_not_recording
1709677860000,2024-03-05T22:31:00Z,899-1-1-09,,device_not_recording
1709677920000,2024-03-05T22:32:00Z,899-1-1-09,,device_not_recording
1709677980000,2024-03-05T22:33:00Z,899-1-1-09,,device_not_recording
1709678040000,2024-03-05T22:34:00Z,899-1-1-09,,device_not_recording
1709678100000,2024-03-05T22:35:00Z,899-1-1-09,,device_not_recording
1709678160000,2024-03-05T22:36:00Z,899-1-1-09,,device_not_recording
1709678220000,2024-03-05T22:37:00Z,899-1-1-09,,device_not_recording
1709678280000,2024-03-05T22:38:00Z,899-1-1-09,,device_not_recording
1709678340000,2024-03-05T22:39:00Z,899-1-1-09,,device_not_recording
1709678400000,2024-03-05T22:40:00Z,899-1-1-09,,device_not_recording
1709678460000,2024-03-05T22:41:00Z,899-1-1-09,,device_not_recording
1709678520000,2024-03-05T22:42:00Z,899-1-1-09,,device_not_recording
1709678580000,2024-03-05T22:43:00Z,899-1-1-09,,device_not_recording
1709678640000,2024-03-05T22:44:00Z,899-1-1-09,,device_not_recording
1709678700000,2024-03-05T22:45:00Z,899-1-1-09,,device_not_recording
1709678760000,2024-03-05T22:46:00Z,899-1-1-09,,device_not_recording
1709678820000,2024-03-05T22:47:00Z,899-1-1-09,,device_not_recording
1709678880000,2024-03-05T22:48:00Z,899-1-1-09,,device_not_recording
1709678940000,2024-03-05T22:49:00Z,899-1-1-09,,device_not_recording
1709679000000,2024-03-05T22:50:00Z,899-1-1-09,,device_not_recording
1709679060000,2024-03-05T22:51:00Z,899-1-1-09,,device_not_recording
1709679120000,2024-03-05T22:52:00Z,899-1-1-09,,device_not_recording
1709679180000,2024-03-05T22:53:00Z,899-1-1-09,,device_not_recording
1709679240000,2024-03-05T22:54:00Z,899-1-1-09,,device_not_recording
1709679300000,2024-03-05T22:55:00Z,899-1-1-09,,device_not_recording
1709679360000,2024-03-05T22:56:00Z,899-1-1-09,,device_not_recording
1709679420000,2024-03-05T22:57:00Z,899-1-1-09,,device_not_recording
1709679480000,2024-03-05T22:58:00Z,899-1-1-09,,device_not_recording
1709679540000,2024-03-05T22:59:00Z,899-1-1-09,,device_not_recording
1709679600000,2024-03-05T23:00:00Z,899-1-1-09,,device_not_recording
1709679660000,2024-03-05T23:01:00Z,899-1-1-09,,device_not_recording
1709679720000,2024-03-05T23:02:00Z,899-1-1-09,,device_not_recording
1709679780000,2024-03-05T23:03:00Z,899-1-1-09,,device_not_recording
1709679840000,2024-03-05T23:04:00Z,899-1-1-09,,device_not_recording
1709679900000,2024-03-05T23:05:00Z,899-1-1-09,,device_not_recording
1709679960000,2024-03-05T23:06:00Z,899-1-1-09,,device_not_recording
1709680020000,2024-03-05T23:07:00Z,899-1-1-09,,device_not_recording
1709680080000,2024-03-05T23:08:00Z,899-1-1-09,,device_not_recording
1709680140000,2024-03-05T23:09:00Z,899-1-1-09,,device_not_recording
1709680200000,2024-03-05T23:10:00Z,899-1-1-09,,device_not_recording
1709680260000,2024-03-05T23:11:00Z,899-1-1-09,,device_not_recording
1709680320000,2024-03-05T23:12:00Z,899-1-1-09,,device_not_recording
1709680380000,2024-03-05T23:13:00Z,899-1-1-09,,device_not_recording
1709680440000,2024-03-05T23:14:00Z,899-1-1-09,,device_not_recording
1709680500000,2024-03-05T23:15:00Z,899-1-1-09,,device_not_recording
1709680560000,2024-03-05T23:16:00Z,899-1-1-09,,device_not_recording
1709680620000,2024-03-05T23:17:00Z,899-1-1-09,,device_not_recording
1709680680000,2024-03-05T23:18:00Z,899-1-1-09,,device_not_recording
1709680740000,2024-03-05T23:19:00Z,899-1-1-09,,device_not_recording
1709680800000,2024-03-05T23:20:00Z,899-1-1-09,,device_not_recording
1709680860000,2024-03-05T23:21:00Z,899-1-1-09,,device_not_recording
1709680920000,2024-03-05T23:22:00Z,899-1-1-09,,device_not_recording
1709680980000,2024-03-05T23:23:00Z,899-1-1-09,,device_not_recording
1709681040000,2024-03-05T23:24:00Z,899-1-1-09,,device_not_recording
1709681100000,2024-03-05T23:25:00Z,899-1-1-09,,device_not_recording
1709681160000,2024-03-05T23:26:00Z,899-1-1-09,,device_not_recording
1709681220000,2024-03-05T23:27:00Z,899-1-1-09,,device_not_recording
1709681280000,2024-03-05T23:28:00Z,899-1-1-09,,device_not_recording
1709681340000,2024-03-05T23:29:00Z,899-1-1-09,,device_not_recording
1709681400000,2024-03-05T23:30:00Z,899-1-1-09,,device_not_recording
1709681460000,2024-03-05T23:31:00Z,899-1-1-09,,device_not_recording
1709681520000,2024-03-05T23:32:00Z,899-1-1-09,,device_not_recording
1709681580000,2024-03-05T23:33:00Z,899-1-1-09,,device_not_recording
1709681640000,2024-03-05T23:34:00Z,899-1-1-09,,device_not_recording
1709681700000,2024-03-05T23:35:00Z,899-1-1-09,,device_not_recording
1709681760000,2024-03-05T23:36:00Z,899-1-1-09,,device_not_recording
1709681820000,2024-03-05T23:37:00Z,899-1-1-09,,device_not_recording
1709681880000,2024-03-05T23:38:00Z,899-1-1-09,,device_not_recording
1709681940000,2024-03-05T23:39:00Z,899-1-1-09,,device_not_recording
1709682000000,2024-03-05T23:40:00Z,899-1-1-09,,device_not_recording
1709682060000,2024-03-05T23:41:00Z,899-1-1-09,,device_not_recording
1709682120000,2024-03-05T23:42:00Z,899-1-1-09,,device_not_recording
1709682180000,2024-03-05T23:43:00Z,899-1-1-09,,device_not_recording
1709682240000,2024-03-05T23:44:00Z,899-1-1-09,,device_not_recording
1709682300000,2024-03-05T23:45:00Z,899-1-1-09,,device_not_recording
1709682360000,2024-03-05T23:46:00Z,899-1-1-09,,device_not_recording
1709682420000,2024-03-05T23:47:00Z,899-1-1-09,,device_not_recording
1709682480000,2024-03-05T23:48:00Z,899-1-1-09,,device_not_recording
1709682540000,2024-03-05T23:49:00Z,899-1-1-09,,device_not_recording
1709682600000,2024-03-05T23:50:00Z,899-1-1-09,,device_not_recording
1709682660000,2024-03-05T23:51:00Z,899-1-1-09,,device_not_recording
1709682720000,2024-03-05T23:52:00Z,899-1-1-09,,device_not_recording
1709682780000,2024-03-05T23:53:00Z,899-1-1-09,,device_not_recording
1709682840000,2024-03-05T23:54:00Z,899-1-1-09,,device_not_recording
1709682900000,2024-03-05T23:55:00Z,899-1-1-09,,device_not_recording
1709682960000,2024-03-05T23:56:00Z,899-1-1-09,,device_not_recording
1709683020000,2024-03-05T23:57:00Z,899-1-1-09,,device_not_recording
1709683080000,2024-03-05T23:58:00Z,899-1-1-09,,device_not_recording
1709683140000,2024-03-05T23:59:00Z,899-1-1-09,,device_not_recording
